1677837431534 0.0625 0
1677837431554 0.0625 0
1677837431570 0.21875 0
1677837431586 0.1875 0
1677837431604 0.25 0
1677837431621 0.28125 0
1677837431637 0.0625 0
1677837431652 0.125 0
1677837431668 0.21875 0
1677837431683 0.3125 0
1677837431702 0.09375 0
1677837431720 0.34375 0
1677837431736 0.15625 0
1677837431751 0.4375 0
1677837431770 0.28125 0
1677837431787 0.375 0
1677837431806 0.09375 0
1677837431823 0.375 0
1677837431839 0.28125 0
1677837431855 0.4375 0
1677837431871 0.375 0
1677837431887 0.25 0
1677837431903 0.28125 0
1677837431919 0.3125 0
1677837431935 0.59375 0
1677837431951 0.3125 0
1677837431966 0.375 0
1677837431982 0.40625 0
1677837431999 0.25 0
1677837432015 0.34375 0
1677837432031 0.375 0
1677837432047 0.4375 0
1677837432063 0.40625 0
1677837432079 0.40625 0
1677837432095 0.46875 0
1677837432112 0.28125 0
1677837432131 0.34375 0
1677837432148 0.4375 0
1677837432166 0.40625 0
1677837432182 0.34375 0
1677837432198 0.34375 0
1677837432214 0.40625 0
1677837432230 0.4375 0
1677837432246 0.46875 0
1677837432264 0.34375 0
1677837432283 0.375 0
1677837432303 0.34375 0
1677837432322 0.53125 0
1677837432342 0.53125 0
1677837432361 0.46875 0
1677837432380 0.4375 0
1677837432400 0.53125 0
1677837432419 0.53125 0
1677837432438 0.5625 0
1677837432457 0.4375 0
1677837432476 0.4375 0
1677837432495 0.4375 0
1677837432515 0.59375 0
1677837432534 0.46875 0
1677837432554 0.4375 0
1677837432573 0.3125 0
1677837432592 0.46875 0
1677837432611 0.4375 0
1677837432630 0.5 0
1677837432649 0.5 0
1677837432669 0.5 0
1677837432689 0.3125 0
1677837432708 0.34375 0
1677837432727 0.46875 0
1677837432746 0.53125 0
1677837432766 0.375 0
1677837432785 0.40625 0
1677837432804 0.5 0
1677837432824 0.5 0
1677837432843 0.6875 0
1677837432862 0.28125 0
1677837432881 0.40625 0
1677837432901 0.53125 0
1677837432919 0.5 0
1677837433041 0.3752 0
1677837436181 0.1875 0
1677837436235 0.3125 0
1677837436259 0.3125 0
1677837436288 0.3125 0
1677837436309 0.21875 0
1677837436332 0.40625 0
1677837436353 0.375 0
1677837436374 0.375 0
1677837437220 0.25 0
1677837437259 0.34375 0
1677837437283 0.1875 0
1677837437303 0.3125 0
1677837437325 0.34375 0
1677837437348 0.21875 0
1677837437373 0.34375 0
1677837437396 0.21875 0
1677837438244 0.28125 0
1677837438278 0.34375 0
1677837438300 0.5 0
1677837438323 0.40625 0
1677837438342 0.40625 0
1677837438360 0.3125 0
1677837438379 0.3125 0
1677837438397 0.5 0
1677837439226 0.34375 0
1677837439267 0.34375 0
1677837439295 0.4375 0
1677837439316 0.4375 0
1677837439336 0.40625 0
1677837439360 0.40625 0
1677837439379 0.375 0
1677837439397 0.34375 0
1677837440263 0.40625 0
1677837440287 0.59375 0
1677837440314 0.4375 0
1677837440333 0.40625 0
1677837440353 0.375 0
1677837440379 0.46875 0
1677837440402 0.625 0
1677837440422 0.5 0
1677837441276 0.59375 0
1677837441298 0.375 0
1677837441321 0.375 0
1677837441343 0.5625 0
1677837441366 0.46875 0
1677837441387 0.4375 0
1677837441418 0.53125 0
1677837441442 0.21875 0
1677837442291 0.40625 0
1677837442333 0.53125 0
1677837442353 0.4375 0
1677837442380 0.5 0
1677837442400 0.5 0
1677837442421 0.40625 0
1677837442443 0.5 0
1677837442463 0.5 0
1677837443301 0.53125 0
1677837443336 0.4375 0
1677837443359 0.3125 0
1677837443382 0.5 0
1677837443408 0.5 0
1677837443429 0.34375 0
1677837443450 0.53125 0
1677837443469 0.5625 0
1677837444316 0.40625 0
1677837444349 0.5 0
1677837444372 0.46875 0
1677837444396 0.5 0
1677837444415 0.46875 0
1677837444437 0.4375 0
1677837444459 0.34375 0
1677837444480 0.5 0
1677837445321 0.4375 0
1677837445355 0.40625 0
1677837445374 0.4375 0
1677837445398 0.4375 0
1677837445417 0.46875 0
1677837445436 0.59375 0
1677837445456 0.5 0
1677837445598 0.4124 0
1677837450585 0.15625 0
1677837450616 0.15625 0
1677837450645 0.3125 0
1677837450665 0.125 0
1677837450687 0.34375 0
1677837450706 0.28125 0
1677837450728 0.25 0
1677837450748 0.25 0
1677837451615 0.25 0
1677837451662 0.15625 0
1677837451683 0.28125 0
1677837451703 0.21875 0
1677837451724 0.3125 0
1677837451747 0.3125 0
1677837451767 0.28125 0
1677837451786 0.40625 0
1677837452641 0.46875 0
1677837452678 0.34375 0
1677837452704 0.28125 0
1677837452726 0.1875 0
1677837452749 0.3125 0
1677837452774 0.375 0
1677837452792 0.1875 0
1677837452811 0.34375 0
1677837453678 0.25 0
1677837453716 0.25 0
1677837453737 0.5 0
1677837453761 0.28125 0
1677837453783 0.375 0
1677837453807 0.28125 0
1677837453826 0.25 0
1677837453845 0.21875 0
1677837454681 0.4375 0
1677837454702 0.21875 0
1677837454728 0.34375 0
1677837454754 0.375 0
1677837454776 0.375 0
1677837454796 0.34375 0
1677837454817 0.28125 0
1677837454837 0.3125 0
1677837455743 0.5625 0
1677837455776 0.34375 0
1677837455797 0.5 0
1677837455818 0.46875 0
1677837455840 0.28125 0
1677837455864 0.375 0
1677837455884 0.34375 0
1677837455908 0.375 0
1677837456788 0.21875 0
1677837456814 0.40625 0
1677837456835 0.4375 0
1677837456855 0.375 0
1677837456880 0.34375 0
1677837456899 0.40625 0
1677837456918 0.5625 0
1677837456937 0.40625 0
1677837457801 0.34375 0
1677837457820 0.3125 0
1677837457839 0.46875 0
1677837457859 0.34375 0
1677837457877 0.40625 0
1677837457896 0.5625 0
1677837457914 0.5 0
1677837457933 0.34375 0
1677837458796 0.4375 0
1677837458817 0.25 0
1677837458835 0.25 0
1677837458854 0.5 0
1677837458877 0.53125 0
1677837458899 0.46875 0
1677837458920 0.34375 0
1677837458940 0.46875 0
1677837459784 0.40625 0
1677837459817 0.375 0
1677837459837 0.375 0
1677837459856 0.375 0
1677837459879 0.59375 0
1677837459905 0.5 0
1677837459927 0.75 0
1677837460066 0.35 0
1677837466789 0.21875 0
1677837466824 0.125 0
1677837466845 0.1875 0
1677837466866 0.15625 0
1677837466887 0.25 0
1677837466908 0.15625 0
1677837466929 0.15625 0
1677837466949 0.21875 0
1677837467823 0.3125 0
1677837467849 0.21875 0
1677837467869 0.1875 0
1677837467892 0.3125 0
1677837467916 0.34375 0
1677837467940 0.21875 0
1677837467963 0.40625 0
1677837467987 0.28125 0
1677837468860 0.1875 0
1677837468892 0.21875 0
1677837468914 0.34375 0
1677837468933 0.28125 0
1677837468952 0.28125 0
1677837468972 0.34375 0
1677837468991 0.25 0
1677837469009 0.28125 0
1677837469867 0.1875 0
1677837469900 0.34375 0
1677837469927 0.34375 0
1677837469951 0.25 0
1677837469979 0.3125 0
1677837470000 0.375 0
1677837470021 0.15625 0
1677837470045 0.25 0
1677837470931 0.40625 0
1677837470969 0.28125 0
1677837470997 0.25 0
1677837471016 0.1875 0
1677837471037 0.25 0
1677837471056 0.28125 0
1677837471075 0.21875 0
1677837471093 0.3125 0
1677837472003 0.3125 0
1677837472028 0.375 0
1677837472051 0.3125 0
1677837472077 0.3125 0
1677837472104 0.34375 0
1677837472130 0.21875 0
1677837472151 0.40625 0
1677837472172 0.375 0
1677837473080 0.4375 0
1677837473112 0.375 0
1677837473138 0.3125 0
1677837473157 0.53125 0
1677837473176 0.21875 0
1677837473195 0.3125 0
1677837473214 0.4375 0
1677837473232 0.40625 0
1677837474083 0.4375 0
1677837474118 0.53125 0
1677837474142 0.34375 0
1677837474165 0.5 0
1677837474188 0.34375 0
1677837474208 0.40625 0
1677837474229 0.3125 0
1677837474248 0.5625 0
1677837475107 0.40625 0
1677837475143 0.3125 0
1677837475162 0.46875 0
1677837475186 0.3125 0
1677837475206 0.34375 0
1677837475226 0.3125 0
1677837475248 0.375 0
1677837475269 0.3125 0
1677837476136 0.375 0
1677837476172 0.40625 0
1677837476193 0.25 0
1677837476212 0.5 0
1677837476235 0.4375 0
1677837476256 0.28125 0
1677837476278 0.0 0
1677837476423 0.3144 0
1677837484779 0.25 0
1677837484810 0.25 0
1677837484832 0.25 0
1677837484856 0.125 0
1677837484879 0.25 0
1677837484906 0.28125 0
1677837484928 0.375 0
1677837484955 0.25 0
1677837485822 0.375 0
1677837485850 0.34375 0
1677837485875 0.125 0
1677837485900 0.1875 0
1677837485922 0.21875 0
1677837485946 0.21875 0
1677837485968 0.21875 0
1677837485993 0.21875 0
1677837486844 0.34375 0
1677837486876 0.1875 0
1677837486902 0.34375 0
1677837486927 0.40625 0
1677837486946 0.28125 0
1677837486967 0.34375 0
1677837486992 0.375 0
1677837487015 0.28125 0
1677837487877 0.3125 0
1677837487913 0.21875 0
1677837487938 0.15625 0
1677837487965 0.375 0
1677837487991 0.46875 0
1677837488014 0.40625 0
1677837488039 0.3125 0
1677837488063 0.3125 0
1677837488930 0.3125 0
1677837488964 0.21875 0
1677837488992 0.34375 0
1677837489012 0.34375 0
1677837489032 0.28125 0
1677837489052 0.375 0
1677837489073 0.3125 0
1677837489092 0.34375 0
1677837489958 0.40625 0
1677837489993 0.3125 0
1677837490013 0.34375 0
1677837490038 0.34375 0
1677837490062 0.53125 0
1677837490086 0.34375 0
1677837490112 0.34375 0
1677837490135 0.34375 0
1677837491009 0.375 0
1677837491043 0.40625 0
1677837491073 0.375 0
1677837491094 0.25 0
1677837491115 0.4375 0
1677837491137 0.21875 0
1677837491158 0.34375 0
1677837491179 0.4375 0
1677837492036 0.3125 0
1677837492075 0.3125 0
1677837492103 0.3125 0
1677837492130 0.375 0
1677837492159 0.28125 0
1677837492183 0.25 0
1677837492208 0.40625 0
1677837492232 0.28125 0
1677837493191 0.25 0
1677837493233 0.34375 0
1677837493258 0.3125 0
1677837493286 0.3125 0
1677837493312 0.25 0
1677837493337 0.34375 0
1677837493363 0.3125 0
1677837493388 0.46875 0
1677837494235 0.34375 0
1677837494269 0.34375 0
1677837494294 0.40625 0
1677837494319 0.34375 0
1677837494341 0.40625 0
1677837494365 0.4375 0
1677837494388 0.25 0
1677837494538 0.318 0
1677837504566 0.25 0
1677837504598 0.46875 0
1677837504621 0.375 0
1677837504641 0.53125 0
1677837504661 0.3125 0
1677837504685 0.4375 0
1677837504705 0.40625 0
1677837504725 0.3125 0
1677837505565 0.25 0
1677837505607 0.34375 0
1677837505633 0.4375 0
1677837505656 0.65625 0
1677837505680 0.3125 0
1677837505705 0.4375 0
1677837505731 0.53125 0
1677837505752 0.375 0
1677837506622 0.34375 0
1677837506654 0.46875 0
1677837506678 0.40625 0
1677837506698 0.34375 0
1677837506720 0.4375 0
1677837506745 0.46875 0
1677837506768 0.59375 0
1677837506789 0.46875 0
1677837507653 0.40625 0
1677837507690 0.3125 0
1677837507716 0.5 0
1677837507743 0.46875 0
1677837507766 0.65625 0
1677837507791 0.4375 0
1677837507817 0.5 0
1677837507839 0.375 0
1677837508733 0.3125 0
1677837508772 0.5 0
1677837508793 0.5 0
1677837508818 0.34375 0
1677837508839 0.375 0
1677837508865 0.375 0
1677837508887 0.40625 0
1677837508908 0.625 0
1677837509757 0.59375 0
1677837509793 0.40625 0
1677837509814 0.59375 0
1677837509837 0.5 0
1677837509859 0.46875 0
1677837509883 0.65625 0
1677837509904 0.4375 0
1677837509924 0.53125 0
1677837510788 0.40625 0
1677837510826 0.34375 0
1677837510852 0.3125 0
1677837510875 0.5625 0
1677837510903 0.4375 0
1677837510927 0.40625 0
1677837510952 0.4375 0
1677837510976 0.78125 0
1677837511847 0.40625 0
1677837511871 0.53125 0
1677837511893 0.34375 0
1677837511916 0.53125 0
1677837511938 0.46875 0
1677837511961 0.375 0
1677837511982 0.53125 0
1677837512002 0.34375 0
1677837512901 0.4375 0
1677837512930 0.6875 0
1677837512949 0.53125 0
1677837512969 0.375 0
1677837512990 0.46875 0
1677837513009 0.46875 0
1677837513030 0.4375 0
1677837513050 0.40625 0
1677837513903 0.40625 0
1677837513926 0.625 0
1677837513953 0.625 0
1677837513981 0.78125 0
1677837514005 0.5625 0
1677837514027 0.5 0
1677837514046 0.5 0
1677837514184 0.4588 0
1677837526072 0.1875 0
1677837526098 0.09375 0
1677837526118 0.125 0
1677837526141 0.34375 0
1677837526161 0.1875 0
1677837526182 0.21875 0
1677837526204 0.1875 0
1677837526229 0.21875 0
1677837527092 0.25 0
1677837527130 0.25 0
1677837527156 0.34375 0
1677837527179 0.15625 0
1677837527202 0.25 0
1677837527226 0.3125 0
1677837527251 0.21875 0
1677837527276 0.1875 0
1677837528145 0.3125 0
1677837528183 0.1875 0
1677837528210 0.21875 0
1677837528242 0.40625 0
1677837528266 0.28125 0
1677837528289 0.25 0
1677837528310 0.3125 0
1677837528333 0.1875 0
1677837529196 0.5 0
1677837529220 0.53125 0
1677837529243 0.25 0
1677837529267 0.25 0
1677837529294 0.25 0
1677837529315 0.21875 0
1677837529338 0.34375 0
1677837529362 0.34375 0
1677837530226 0.34375 0
1677837530263 0.25 0
1677837530286 0.40625 0
1677837530312 0.40625 0
1677837530334 0.34375 0
1677837530360 0.4375 0
1677837530385 0.375 0
1677837530406 0.4375 0
1677837531259 0.25 0
1677837531295 0.3125 0
1677837531315 0.125 0
1677837531342 0.375 0
1677837531363 0.4375 0
1677837531382 0.25 0
1677837531403 0.3125 0
1677837531428 0.3125 0
1677837532287 0.28125 0
1677837532311 0.3125 0
1677837532342 0.46875 0
1677837532365 0.53125 0
1677837532390 0.5 0
1677837532416 0.53125 0
1677837532439 0.4375 0
1677837532461 0.34375 0
1677837533308 0.4375 0
1677837533351 0.40625 0
1677837533373 0.40625 0
1677837533396 0.3125 0
1677837533421 0.34375 0
1677837533448 0.40625 0
1677837533470 0.40625 0
1677837533493 0.28125 0
1677837534370 0.53125 0
1677837534393 0.4375 0
1677837534415 0.3125 0
1677837534436 0.375 0
1677837534459 0.40625 0
1677837534482 0.34375 0
1677837534504 0.375 0
1677837534524 0.46875 0
1677837535375 0.3125 0
1677837535414 0.4375 0
1677837535437 0.46875 0
1677837535460 0.4375 0
1677837535484 0.4375 0
1677837535509 0.34375 0
1677837535533 1.0 0
1677837535680 0.3324 0
1677837549411 0.40625 0
1677837549446 0.28125 0
1677837549470 0.3125 0
1677837549497 0.3125 0
1677837549523 0.25 0
1677837549547 0.21875 0
1677837549570 0.15625 0
1677837549596 0.34375 0
1677837550464 0.3125 0
1677837550489 0.28125 0
1677837550509 0.25 0
1677837550532 0.34375 0
1677837550552 0.3125 0
1677837550573 0.34375 0
1677837550595 0.28125 0
1677837550616 0.3125 0
1677837551475 0.46875 0
1677837551515 0.375 0
1677837551537 0.25 0
1677837551559 0.1875 0
1677837551586 0.53125 0
1677837551616 0.4375 0
1677837551640 0.46875 0
1677837551665 0.46875 0
1677837552534 0.34375 0
1677837552572 0.5 0
1677837552598 0.375 0
1677837552632 0.40625 0
1677837552658 0.53125 0
1677837552681 0.4375 0
1677837552707 0.5 0
1677837552730 0.53125 0
1677837553587 0.40625 0
1677837553627 0.4375 0
1677837553650 0.53125 0
1677837553671 0.5625 0
1677837553693 0.375 0
1677837553717 0.3125 0
1677837553743 0.5 0
1677837553763 0.375 0
1677837554652 0.3125 0
1677837554684 0.59375 0
1677837554712 0.3125 0
1677837554737 0.5625 0
1677837554763 0.28125 0
1677837554787 0.71875 0
1677837554809 0.3125 0
1677837554832 0.5 0
1677837555715 0.46875 0
1677837555750 0.59375 0
1677837555772 0.46875 0
1677837555795 0.34375 0
1677837555817 0.40625 0
1677837555840 0.34375 0
1677837555862 0.625 0
1677837555885 0.46875 0
1677837556754 0.40625 0
1677837556789 0.5625 0
1677837556813 0.40625 0
1677837556837 0.5 0
1677837556863 0.3125 0
1677837556888 0.46875 0
1677837556912 0.53125 0
1677837556935 0.5625 0
1677837557814 0.5625 0
1677837557852 0.34375 0
1677837557877 0.5625 0
1677837557902 0.625 0
1677837557927 0.625 0
1677837557955 0.4375 0
1677837557979 0.34375 0
1677837558002 0.5 0
1677837558902 0.4375 0
1677837558937 0.5625 0
1677837558960 0.34375 0
1677837558987 0.5 0
1677837559008 0.4375 0
1677837559029 0.53125 0
1677837559051 0.5 0
1677837559191 0.422 0
1677837574491 0.25 0
1677837574524 0.125 0
1677837574546 0.09375 0
1677837574568 0.09375 0
1677837574590 0.15625 0
1677837574620 0.25 0
1677837574649 0.21875 0
1677837574674 0.15625 0
1677837575552 0.1875 0
1677837575590 0.21875 0
1677837575618 0.3125 0
1677837575646 0.21875 0
1677837575671 0.1875 0
1677837575698 0.28125 0
1677837575723 0.34375 0
1677837575746 0.40625 0
1677837576609 0.25 0
1677837576659 0.15625 0
1677837576682 0.34375 0
1677837576705 0.40625 0
1677837576729 0.21875 0
1677837576752 0.28125 0
1677837576776 0.1875 0
1677837576799 0.125 0
1677837577672 0.15625 0
1677837577708 0.21875 0
1677837577734 0.3125 0
1677837577760 0.21875 0
1677837577787 0.25 0
1677837577813 0.125 0
1677837577839 0.3125 0
1677837577862 0.15625 0
1677837578737 0.28125 0
1677837578759 0.15625 0
1677837578783 0.3125 0
1677837578814 0.28125 0
1677837578838 0.21875 0
1677837578864 0.28125 0
1677837578889 0.21875 0
1677837578914 0.28125 0
1677837579840 0.34375 0
1677837579876 0.28125 0
1677837579901 0.28125 0
1677837579926 0.21875 0
1677837579953 0.3125 0
1677837579978 0.25 0
1677837580004 0.34375 0
1677837580028 0.40625 0
1677837580898 0.25 0
1677837580932 0.21875 0
1677837580954 0.28125 0
1677837580980 0.15625 0
1677837581006 0.28125 0
1677837581032 0.3125 0
1677837581053 0.40625 0
1677837581075 0.34375 0
1677837581935 0.40625 0
1677837581976 0.4375 0
1677837582000 0.375 0
1677837582023 0.375 0
1677837582051 0.25 0
1677837582075 0.3125 0
1677837582099 0.25 0
1677837582122 0.28125 0
1677837583000 0.3125 0
1677837583023 0.34375 0
1677837583045 0.25 0
1677837583068 0.40625 0
1677837583089 0.3125 0
1677837583111 0.25 0
1677837583134 0.21875 0
1677837583156 0.3125 0
1677837584046 0.28125 0
1677837584081 0.3125 0
1677837584104 0.28125 0
1677837584126 0.34375 0
1677837584148 0.375 0
1677837584174 0.25 0
1677837584198 0.25 0
1677837584344 0.2676 0
1677837601425 0.21875 0
1677837601462 0.28125 0
1677837601487 0.21875 0
1677837601511 0.375 0
1677837601688 0.375 0
1677837601710 0.125 0
1677837601732 0.1875 0
1677837601754 0.28125 0
1677837602640 0.25 0
1677837602666 0.28125 0
1677837602692 0.21875 0
1677837602719 0.15625 0
1677837602747 0.3125 0
1677837602772 0.34375 0
1677837602799 0.125 0
1677837602824 0.34375 0
1677837603699 0.21875 0
1677837603735 0.21875 0
1677837603767 0.34375 0
1677837603792 0.25 0
1677837603819 0.28125 0
1677837603845 0.1875 0
1677837603873 0.1875 0
1677837603899 0.28125 0
1677837604783 0.375 0
1677837604817 0.34375 0
1677837604839 0.28125 0
1677837604863 0.28125 0
1677837604887 0.40625 0
1677837604913 0.25 0
1677837604936 0.25 0
1677837604959 0.34375 0
1677837605851 0.28125 0
1677837605878 0.34375 0
1677837605905 0.46875 0
1677837605927 0.4375 0
1677837605950 0.4375 0
1677837605973 0.40625 0
1677837605997 0.25 0
1677837606020 0.46875 0
1677837606898 0.15625 0
1677837606928 0.3125 0
1677837606949 0.40625 0
1677837606972 0.28125 0
1677837606995 0.3125 0
1677837607021 0.28125 0
1677837607047 0.3125 0
1677837607070 0.4375 0
1677837607944 0.21875 0
1677837607984 0.40625 0
1677837608009 0.28125 0
1677837608037 0.40625 0
1677837608062 0.375 0
1677837608090 0.28125 0
1677837608116 0.3125 0
1677837608141 0.28125 0
1677837608995 0.46875 0
1677837609018 0.28125 0
1677837609047 0.34375 0
1677837609068 0.4375 0
1677837609089 0.4375 0
1677837609111 0.375 0
1677837609134 0.3125 0
1677837609154 0.3125 0
1677837610031 0.3125 0
1677837610055 0.3125 0
1677837610078 0.28125 0
1677837610101 0.375 0
1677837610124 0.34375 0
1677837610146 0.3125 0
1677837610168 0.34375 0
1677837610189 0.25 0
1677837611066 0.4375 0
1677837611102 0.4375 0
1677837611123 0.375 0
1677837611145 0.375 0
1677837611166 0.40625 0
1677837611187 0.53125 0
1677837611209 0.25 0
1677837611360 0.318 0
1677837630015 0.28125 0
1677837630057 0.25 0
1677837630083 0.40625 0
1677837630111 0.21875 0
1677837630138 0.4375 0
1677837630168 0.21875 0
1677837630196 0.25 0
1677837630220 0.34375 0
1677837631082 0.34375 0
1677837631118 0.53125 0
1677837631147 0.28125 0
1677837631171 0.4375 0
1677837631199 0.65625 0
1677837631226 0.40625 0
1677837631250 0.34375 0
1677837631273 0.3125 0
1677837632141 0.34375 0
1677837632181 0.375 0
1677837632211 0.25 0
1677837632247 0.5 0
1677837632272 0.53125 0
1677837632298 0.3125 0
1677837632323 0.375 0
1677837632348 0.65625 0
1677837633210 0.5 0
1677837633249 0.46875 0
1677837633274 0.5 0
1677837633302 0.5 0
1677837633327 0.3125 0
1677837633350 0.46875 0
1677837633375 0.5625 0
1677837633399 0.34375 0
1677837634257 0.4375 0
1677837634311 0.5 0
1677837634335 0.53125 0
1677837634359 0.46875 0
1677837634386 0.46875 0
1677837634407 0.4375 0
1677837634429 0.4375 0
1677837634452 0.5625 0
1677837635351 0.5625 0
1677837635389 0.46875 0
1677837635413 0.4375 0
1677837635438 0.5 0
1677837635465 0.46875 0
1677837635648 0.34375 0
1677837635671 0.3125 0
1677837635694 0.53125 0
1677837636556 0.375 0
1677837636589 0.4375 0
1677837636612 0.5 0
1677837636639 0.53125 0
1677837636661 0.53125 0
1677837636685 0.5625 0
1677837636706 0.34375 0
1677837636727 0.5 0
1677837637591 0.46875 0
1677837637627 0.4375 0
1677837637649 0.59375 0
1677837637672 0.3125 0
1677837637695 0.59375 0
1677837637716 0.46875 0
1677837637738 0.5 0
1677837637760 0.5625 0
1677837638620 0.4375 0
1677837638660 0.59375 0
1677837638685 0.53125 0
1677837638711 0.5 0
1677837638738 0.375 0
1677837638764 0.375 0
1677837638787 0.5 0
1677837638814 0.53125 0
1677837639689 0.59375 0
1677837639733 0.53125 0
1677837639758 0.4375 0
1677837639784 0.75 0
1677837639812 0.375 0
1677837639840 0.5625 0
1677837639863 1.0 0
1677837640007 0.4496 0
1677837660320 0.1875 0
1677837660357 0.1875 0
1677837660385 0.1875 0
1677837660412 0.1875 0
1677837660439 0.15625 0
1677837660466 0.09375 0
1677837660496 0.03125 0
1677837660523 0.21875 0
1677837661381 0.125 0
1677837661406 0.1875 0
1677837661435 0.28125 0
1677837661461 0.21875 0
1677837661489 0.09375 0
1677837661513 0.15625 0
1677837661541 0.25 0
1677837661565 0.09375 0
1677837662438 0.25 0
1677837662472 0.25 0
1677837662496 0.15625 0
1677837662518 0.15625 0
1677837662547 0.09375 0
1677837662573 0.15625 0
1677837662598 0.21875 0
1677837662619 0.1875 0
1677837663475 0.28125 0
1677837663513 0.34375 0
1677837663536 0.125 0
1677837663560 0.1875 0
1677837663584 0.25 0
1677837663609 0.25 0
1677837663635 0.21875 0
1677837663661 0.28125 0
1677837664511 0.3125 0
1677837664548 0.40625 0
1677837664578 0.21875 0
1677837664614 0.3125 0
1677837664641 0.15625 0
1677837664668 0.34375 0
1677837664696 0.25 0
1677837664722 0.3125 0
1677837665581 0.3125 0
1677837665616 0.3125 0
1677837665641 0.28125 0
1677837665664 0.1875 0
1677837665693 0.28125 0
1677837665716 0.375 0
1677837665739 0.15625 0
1677837665761 0.21875 0
1677837666624 0.3125 0
1677837666666 0.1875 0
1677837666695 0.1875 0
1677837666721 0.34375 0
1677837666747 0.25 0
1677837666776 0.28125 0
1677837666801 0.375 0
1677837666825 0.21875 0
1677837667710 0.4375 0
1677837667751 0.15625 0
1677837667780 0.5625 0
1677837667810 0.34375 0
1677837667841 0.4375 0
1677837667872 0.34375 0
1677837667901 0.125 0
1677837667927 0.21875 0
1677837668792 0.375 0
1677837668828 0.375 0
1677837668857 0.25 0
1677837668880 0.25 0
1677837668901 0.375 0
1677837668928 0.21875 0
1677837668952 0.375 0
1677837668974 0.25 0
1677837669847 0.40625 0
1677837669886 0.375 0
1677837669911 0.125 0
1677837669940 0.15625 0
1677837669967 0.34375 0
1677837669994 0.21875 0
1677837670018 1.0 0
1677837670167 0.2496 0
1677837692524 0.25 0
1677837692560 0.28125 0
1677837692585 0.15625 0
1677837692610 0.28125 0
1677837692638 0.3125 0
1677837692666 0.3125 0
1677837692693 0.28125 0
1677837692716 0.4375 0
1677837693584 0.3125 0
1677837693622 0.21875 0
1677837693647 0.3125 0
1677837693673 0.3125 0
1677837693699 0.375 0
1677837693721 0.4375 0
1677837693746 0.1875 0
1677837693773 0.34375 0
1677837694649 0.25 0
1677837694687 0.375 0
1677837694715 0.25 0
1677837694739 0.3125 0
1677837694766 0.34375 0
1677837694791 0.1875 0
1677837694816 0.40625 0
1677837694841 0.375 0
1677837695723 0.375 0
1677837695763 0.3125 0
1677837695788 0.21875 0
1677837695815 0.28125 0
1677837695840 0.375 0
1677837695866 0.3125 0
1677837695892 0.21875 0
1677837695914 0.28125 0
1677837696800 0.375 0
1677837696823 0.40625 0
1677837696849 0.3125 0
1677837696879 0.46875 0
1677837696904 0.25 0
1677837696933 0.4375 0
1677837696959 0.4375 0
1677837696981 0.1875 0
1677837697857 0.28125 0
1677837697896 0.375 0
1677837697921 0.3125 0
1677837697953 0.28125 0
1677837697978 0.4375 0
1677837698001 0.3125 0
1677837698025 0.375 0
1677837698049 0.5 0
1677837698925 0.4375 0
1677837698964 0.4375 0
1677837698986 0.28125 0
1677837699014 0.4375 0
1677837699039 0.4375 0
1677837699062 0.375 0
1677837699083 0.1875 0
1677837699106 0.46875 0
1677837699967 0.34375 0
1677837700004 0.3125 0
1677837700028 0.375 0
1677837700054 0.34375 0
1677837700076 0.3125 0
1677837700099 0.53125 0
1677837700122 0.4375 0
1677837700147 0.3125 0
1677837701002 0.3125 0
1677837701035 0.4375 0
1677837701065 0.25 0
1677837701094 0.3125 0
1677837701122 0.3125 0
1677837701149 0.46875 0
1677837701176 0.40625 0
1677837701200 0.3125 0
1677837702076 0.25 0
1677837702102 0.375 0
1677837702132 0.21875 0
1677837702156 0.34375 0
1677837702181 0.375 0
1677837702204 0.40625 0
1677837702227 0.5 0
1677837702379 0.3368 0
1677837726294 0.1875 0
1677837726342 0.1875 0
1677837726365 0.375 0
1677837726390 0.1875 0
1677837726413 0.1875 0
1677837726436 0.21875 0
1677837726458 0.25 0
1677837726480 0.25 0
1677837727369 0.3125 0
1677837727406 0.25 0
1677837727432 0.21875 0
1677837727461 0.21875 0
1677837727488 0.21875 0
1677837727518 0.21875 0
1677837727546 0.3125 0
1677837727573 0.09375 0
1677837728549 0.1875 0
1677837728584 0.3125 0
1677837728610 0.1875 0
1677837728638 0.15625 0
1677837728661 0.28125 0
1677837728684 0.25 0
1677837728713 0.21875 0
1677837728741 0.28125 0
1677837729642 0.21875 0
1677837729678 0.3125 0
1677837729704 0.34375 0
1677837729732 0.25 0
1677837729761 0.25 0
1677837729790 0.40625 0
1677837729818 0.34375 0
1677837729847 0.25 0
1677837730756 0.21875 0
1677837730783 0.375 0
1677837730812 0.53125 0
1677837730836 0.4375 0
1677837730864 0.34375 0
1677837730890 0.3125 0
1677837730917 0.15625 0
1677837730939 0.4375 0
1677837731816 0.46875 0
1677837731840 0.34375 0
1677837731864 0.34375 0
1677837731898 0.1875 0
1677837731924 0.375 0
1677837731950 0.28125 0
1677837731976 0.34375 0
1677837732001 0.375 0
1677837732863 0.28125 0
1677837732886 0.375 0
1677837732914 0.375 0
1677837732940 0.3125 0
1677837732966 0.1875 0
1677837732994 0.34375 0
1677837733016 0.4375 0
1677837733038 0.34375 0
1677837733925 0.25 0
1677837733967 0.34375 0
1677837733997 0.4375 0
1677837734025 0.25 0
1677837734058 0.3125 0
1677837734090 0.25 0
1677837734120 0.4375 0
1677837734150 0.25 0
1677837735007 0.3125 0
1677837735043 0.34375 0
1677837735065 0.3125 0
1677837735094 0.15625 0
1677837735119 0.375 0
1677837735147 0.3125 0
1677837735173 0.3125 0
1677837735198 0.40625 0
1677837736097 0.34375 0
1677837736133 0.3125 0
1677837736159 0.46875 0
1677837736186 0.25 0
1677837736214 0.34375 0
1677837736242 0.53125 0
1677837736264 0.0 0
1677837736411 0.3 0
1677837761817 0.34375 0
1677837761853 0.25 0
1677837761879 0.25 0
1677837761908 0.375 0
1677837761937 0.125 0
1677837761966 0.21875 0
1677837761996 0.28125 0
1677837762025 0.125 0
1677837762909 0.40625 0
1677837762950 0.34375 0
1677837762982 0.3125 0
1677837763012 0.40625 0
1677837763038 0.5 0
1677837763064 0.15625 0
1677837763092 0.375 0
1677837763118 0.28125 0
1677837764002 0.15625 0
1677837764191 0.53125 0
1677837764221 0.53125 0
1677837764249 0.28125 0
1677837764276 0.34375 0
1677837764303 0.46875 0
1677837764327 0.4375 0
1677837764354 0.34375 0
1677837765246 0.3125 0
1677837765287 0.40625 0
1677837765321 0.40625 0
1677837765350 0.53125 0
1677837765385 0.21875 0
1677837765411 0.4375 0
1677837765440 0.375 0
1677837765470 0.5 0
1677837766334 0.46875 0
1677837766373 0.21875 0
1677837766401 0.4375 0
1677837766432 0.53125 0
1677837766462 0.34375 0
1677837766492 0.40625 0
1677837766517 0.3125 0
1677837766543 0.46875 0
1677837767417 0.4375 0
1677837767460 0.28125 0
1677837767489 0.25 0
1677837767517 0.3125 0
1677837767547 0.375 0
1677837767571 0.5 0
1677837767595 0.53125 0
1677837767619 0.5 0
1677837768545 0.40625 0
1677837768577 0.40625 0
1677837768602 0.59375 0
1677837768630 0.4375 0
1677837768657 0.40625 0
1677837768687 0.40625 0
1677837768711 0.25 0
1677837768734 0.5625 0
1677837769608 0.53125 0
1677837769646 0.375 0
1677837769674 0.46875 0
1677837769701 0.34375 0
1677837769726 0.53125 0
1677837769750 0.40625 0
1677837769776 0.53125 0
1677837769799 0.53125 0
1677837770677 0.375 0
1677837770717 0.46875 0
1677837770743 0.34375 0
1677837770769 0.46875 0
1677837770797 0.5625 0
1677837770824 0.375 0
1677837770853 0.375 0
1677837770879 0.53125 0
1677837771747 0.4375 0
1677837771774 0.34375 0
1677837771811 0.40625 0
1677837771840 0.3125 0
1677837771869 0.46875 0
1677837771898 0.46875 0
1677837771924 0.75 0
1677837772070 0.392 0
1677837799311 0.09375 0
1677837799349 0.0625 0
1677837799376 0.09375 0
1677837799403 0.0 0
1677837799428 0.09375 0
1677837799451 0.125 0
1677837799478 0.15625 0
1677837799502 0.09375 0
1677837800392 0.09375 0
1677837800433 0.09375 0
1677837800463 0.09375 0
1677837800492 0.125 0
1677837800516 0.125 0
1677837800545 0.21875 0
1677837800571 0.125 0
1677837800594 0.15625 0
1677837801568 0.0625 0
1677837801603 0.125 0
1677837801632 0.09375 0
1677837801656 0.09375 0
1677837801683 0.21875 0
1677837801709 0.125 0
1677837801735 0.125 0
1677837801762 0.15625 0
1677837802632 0.28125 0
1677837802670 0.1875 0
1677837802694 0.21875 0
1677837802718 0.21875 0
1677837802745 0.15625 0
1677837802769 0.15625 0
1677837802799 0.21875 0
1677837802822 0.21875 0
1677837803699 0.21875 0
1677837803736 0.15625 0
1677837803762 0.125 0
1677837803791 0.34375 0
1677837803821 0.15625 0
1677837803854 0.34375 0
1677837803881 0.28125 0
1677837803904 0.21875 0
1677837804774 0.3125 0
1677837804805 0.21875 0
1677837804829 0.125 0
1677837804855 0.28125 0
1677837804883 0.25 0
1677837804910 0.125 0
1677837804933 0.28125 0
1677837804958 0.34375 0
1677837805828 0.15625 0
1677837805856 0.3125 0
1677837805881 0.15625 0
1677837805908 0.25 0
1677837805933 0.1875 0
1677837805960 0.1875 0
1677837805989 0.25 0
1677837806015 0.25 0
1677837806901 0.4375 0
1677837806937 0.28125 0
1677837806962 0.46875 0
1677837806987 0.28125 0
1677837807016 0.3125 0
1677837807044 0.21875 0
1677837807070 0.28125 0
1677837807097 0.125 0
1677837807975 0.25 0
1677837808012 0.25 0
1677837808041 0.28125 0
1677837808069 0.21875 0
1677837808095 0.3125 0
1677837808123 0.375 0
1677837808148 0.34375 0
1677837808171 0.28125 0
1677837809038 0.1875 0
1677837809079 0.3125 0
1677837809104 0.3125 0
1677837809129 0.28125 0
1677837809159 0.34375 0
1677837809183 0.375 0
1677837809206 0.25 0
1677837809367 0.2112 0
1677837838349 0.1875 0
1677837838382 0.1875 0
1677837838407 0.34375 0
1677837838437 0.375 0
1677837838464 0.28125 0
1677837838498 0.21875 0
1677837838526 0.21875 0
1677837838550 0.3125 0
1677837839414 0.28125 0
1677837839459 0.34375 0
1677837839491 0.375 0
1677837839523 0.28125 0
1677837839552 0.375 0
1677837839581 0.5 0
1677837839614 0.25 0
1677837839645 0.46875 0
1677837840511 0.375 0
1677837840541 0.46875 0
1677837840570 0.375 0
1677837840598 0.3125 0
1677837840630 0.46875 0
1677837840662 0.40625 0
1677837840689 0.40625 0
1677837840715 0.5 0
1677837841613 0.40625 0
1677837841652 0.40625 0
1677837841689 0.4375 0
1677837841717 0.40625 0
1677837841746 0.59375 0
1677837841778 0.3125 0
1677837841809 0.5 0
1677837841840 0.375 0
1677837842709 0.53125 0
1677837842748 0.5625 0
1677837842775 0.3125 0
1677837842805 0.625 0
1677837842833 0.34375 0
1677837842858 0.5625 0
1677837842885 0.34375 0
1677837842909 0.46875 0
1677837843779 0.40625 0
1677837843810 0.5625 0
1677837843843 0.40625 0
1677837843870 0.5 0
1677837843902 0.40625 0
1677837843935 0.625 0
1677837843966 0.40625 0
1677837843996 0.625 0
1677837844881 0.53125 0
1677837844909 0.53125 0
1677837844936 0.375 0
1677837844966 0.46875 0
1677837844991 0.375 0
1677837845017 0.65625 0
1677837845051 0.5 0
1677837845080 0.53125 0
1677837845949 0.40625 0
1677837845986 0.5 0
1677837846014 0.4375 0
1677837846041 0.4375 0
1677837846073 0.59375 0
1677837846099 0.46875 0
1677837846128 0.4375 0
1677837846156 0.59375 0
1677837847031 0.46875 0
1677837847066 0.4375 0
1677837847092 0.25 0
1677837847118 0.4375 0
1677837847145 0.4375 0
1677837847176 0.40625 0
1677837847205 0.4375 0
1677837847232 0.65625 0
1677837848118 0.5625 0
1677837848156 0.53125 0
1677837848185 0.5 0
1677837848214 0.5625 0
1677837848242 0.40625 0
1677837848272 0.5 0
1677837848302 0.5 0
1677837848461 0.4344 0
1677837879357 0.21875 0
1677837879390 0.25 0
1677837879422 0.25 0
1677837879451 0.28125 0
1677837879479 0.25 0
1677837879507 0.375 0
1677837879535 0.28125 0
1677837879566 0.28125 0
1677837880464 0.21875 0
1677837880502 0.25 0
1677837880528 0.4375 0
1677837880555 0.34375 0
1677837880581 0.3125 0
1677837880608 0.4375 0
1677837880638 0.25 0
1677837880665 0.28125 0
1677837881538 0.3125 0
1677837881566 0.21875 0
1677837881593 0.3125 0
1677837881621 0.4375 0
1677837881645 0.375 0
1677837881676 0.28125 0
1677837881700 0.34375 0
1677837881728 0.21875 0
1677837882634 0.375 0
1677837882670 0.21875 0
1677837882695 0.46875 0
1677837882726 0.4375 0
1677837882752 0.3125 0
1677837882777 0.53125 0
1677837882803 0.34375 0
1677837882827 0.25 0
1677837883708 0.34375 0
1677837883751 0.28125 0
1677837883781 0.21875 0
1677837883807 0.40625 0
1677837883837 0.40625 0
1677837883864 0.28125 0
1677837883890 0.46875 0
1677837883916 0.46875 0
1677837884804 0.4375 0
1677837884842 0.4375 0
1677837884870 0.34375 0
1677837884897 0.25 0
1677837884924 0.34375 0
1677837884952 0.375 0
1677837884980 0.40625 0
1677837885007 0.46875 0
1677837885907 0.3125 0
1677837885947 0.375 0
1677837885981 0.4375 0
1677837886013 0.4375 0
1677837886043 0.25 0
1677837886075 0.40625 0
1677837886103 0.40625 0
1677837886130 0.5625 0
1677837886996 0.28125 0
1677837887033 0.28125 0
1677837887056 0.40625 0
1677837887083 0.34375 0
1677837887111 0.46875 0
1677837887144 0.3125 0
1677837887175 0.65625 0
1677837887204 0.46875 0
1677837888090 0.46875 0
1677837888136 0.34375 0
1677837888166 0.5 0
1677837888201 0.28125 0
1677837888233 0.46875 0
1677837888263 0.53125 0
1677837888294 0.4375 0
1677837888322 0.53125 0
1677837889235 0.4375 0
1677837889275 0.5 0
1677837889304 0.5 0
1677837889333 0.46875 0
1677837889365 0.40625 0
1677837889392 0.40625 0
1677837889421 0.25 0
1677837889591 0.3688 0
1677837922217 0.125 0
1677837922251 0.09375 0
1677837922278 0.28125 0
1677837922305 0.125 0
1677837922337 0.3125 0
1677837922364 0.25 0
1677837922391 0.1875 0
1677837922418 0.28125 0
1677837923315 0.21875 0
1677837923364 0.125 0
1677837923389 0.0625 0
1677837923416 0.21875 0
1677837923445 0.34375 0
1677837923473 0.34375 0
1677837923498 0.25 0
1677837923525 0.28125 0
1677837924390 0.1875 0
1677837924431 0.25 0
1677837924456 0.21875 0
1677837924484 0.25 0
1677837924509 0.34375 0
1677837924539 0.09375 0
1677837924563 0.3125 0
1677837924588 0.3125 0
1677837925500 0.28125 0
1677837925549 0.40625 0
1677837925574 0.34375 0
1677837925602 0.09375 0
1677837925627 0.1875 0
1677837925653 0.21875 0
1677837925679 0.375 0
1677837925704 0.28125 0
1677837926583 0.25 0
1677837926619 0.3125 0
1677837926650 0.1875 0
1677837926679 0.28125 0
1677837926708 0.3125 0
1677837926741 0.15625 0
1677837926774 0.28125 0
1677837926801 0.34375 0
1677837927676 0.1875 0
1677837927715 0.21875 0
1677837927740 0.34375 0
1677837927766 0.28125 0
1677837927792 0.34375 0
1677837927819 0.25 0
1677837927847 0.25 0
1677837927874 0.46875 0
1677837928870 0.375 0
1677837928904 0.3125 0
1677837928940 0.3125 0
1677837928967 0.5625 0
1677837928994 0.34375 0
1677837929021 0.3125 0
1677837929048 0.5 0
1677837929075 0.25 0
1677837929955 0.0625 0
1677837929998 0.375 0
1677837930031 0.25 0
1677837930060 0.5 0
1677837930088 0.40625 0
1677837930118 0.34375 0
1677837930148 0.46875 0
1677837930177 0.28125 0
1677837931041 0.34375 0
1677837931080 0.34375 0
1677837931112 0.28125 0
1677837931136 0.5 0
1677837931160 0.34375 0
1677837931184 0.4375 0
1677837931210 0.46875 0
1677837931234 0.40625 0
1677837932109 0.375 0
1677837932156 0.25 0
1677837932195 0.4375 0
1677837932225 0.28125 0
1677837932252 0.4375 0
1677837932278 0.625 0
1677837932305 0.0 0
1677837932454 0.2984 0
