1677856323142 0.0 0
1677856323165 0.0 0
1677856323191 0.0 0
1677856323215 0.0 0
1677856323234 0.0 0
1677856323253 0.0 0
1677856323273 0.0 0
1677856323294 0.0 0
1677856323314 0.0 0
1677856323333 0.03125 0
1677856323353 0.03125 0
1677856323373 0.09375 0
1677856323392 0.03125 0
1677856323414 0.125 0
1677856323436 0.03125 0
1677856323457 0.15625 0
1677856323476 0.09375 0
1677856323496 0.28125 0
1677856323516 0.4375 0
1677856323536 0.125 0
1677856323556 0.25 0
1677856323576 0.1875 0
1677856323595 0.28125 0
1677856323615 0.1875 0
1677856323635 0.28125 0
1677856323654 0.21875 0
1677856323674 0.28125 0
1677856323694 0.21875 0
1677856323714 0.21875 0
1677856323733 0.125 0
1677856323753 0.125 0
1677856323773 0.15625 0
1677856323792 0.15625 0
1677856323812 0.15625 0
1677856323832 0.1875 0
1677856323851 0.25 0
1677856323871 0.125 0
1677856323890 0.21875 0
1677856323910 0.40625 0
1677856323930 0.15625 0
1677856323949 0.25 0
1677856323969 0.21875 0
1677856323988 0.1875 0
1677856324008 0.15625 0
1677856324027 0.21875 0
1677856324047 0.1875 0
1677856324066 0.46875 0
1677856324086 0.15625 0
1677856324104 0.125 0
1677856324122 0.21875 0
1677856324140 0.15625 0
1677856324160 0.1875 0
1677856324180 0.1875 0
1677856324199 0.21875 0
1677856324219 0.21875 0
1677856324240 0.15625 0
1677856324261 0.1875 0
1677856324282 0.09375 0
1677856324303 0.0625 0
1677856324324 0.21875 0
1677856324345 0.25 0
1677856324372 0.1875 0
1677856324394 0.25 0
1677856324415 0.21875 0
1677856324436 0.125 0
1677856324456 0.1875 0
1677856324476 0.34375 0
1677856324496 0.21875 0
1677856324516 0.21875 0
1677856324536 0.09375 0
1677856324555 0.3125 0
1677856324575 0.3125 0
1677856324595 0.3125 0
1677856324614 0.1875 0
1677856324634 0.15625 0
1677856324654 0.09375 0
1677856324673 0.4375 0
1677856324693 0.09375 0
1677856324711 0.5 0
1677856324920 0.1736 0
1677856326157 0.15625 0
1677856326187 0.34375 0
1677856326217 0.125 0
1677856326240 0.125 0
1677856326260 0.34375 0
1677856326280 0.09375 0
1677856326300 0.125 0
1677856326321 0.28125 0
1677856326341 0.34375 0
1677856326361 0.09375 0
1677856326381 0.25 0
1677856326401 0.25 0
1677856326421 0.28125 0
1677856326441 0.3125 0
1677856326463 0.09375 0
1677856326483 0.3125 0
1677856326503 0.28125 0
1677856326523 0.3125 0
1677856326544 0.21875 0
1677856326564 0.40625 0
1677856326584 0.21875 0
1677856326604 0.1875 0
1677856326624 0.25 0
1677856326644 0.25 0
1677856326665 0.25 0
1677856326685 0.1875 0
1677856326705 0.34375 0
1677856326725 0.21875 0
1677856326745 0.25 0
1677856326765 0.375 0
1677856326785 0.28125 0
1677856326806 0.3125 0
1677856326826 0.3125 0
1677856326846 0.25 0
1677856326866 0.28125 0
1677856326887 0.40625 0
1677856326907 0.375 0
1677856326927 0.28125 0
1677856326947 0.25 0
1677856326967 0.25 0
1677856326987 0.3125 0
1677856327007 0.125 0
1677856327027 0.28125 0
1677856327047 0.125 0
1677856327067 0.3125 0
1677856327087 0.1875 0
1677856327107 0.34375 0
1677856327127 0.28125 0
1677856327147 0.3125 0
1677856327167 0.21875 0
1677856327187 0.375 0
1677856327207 0.28125 0
1677856327227 0.28125 0
1677856327247 0.25 0
1677856327267 0.34375 0
1677856327287 0.28125 0
1677856327307 0.21875 0
1677856327327 0.375 0
1677856327347 0.34375 0
1677856327367 0.125 0
1677856327387 0.28125 0
1677856327407 0.375 0
1677856327427 0.5 0
1677856327447 0.3125 0
1677856327467 0.15625 0
1677856327487 0.3125 0
1677856327507 0.21875 0
1677856327528 0.28125 0
1677856327550 0.46875 0
1677856327571 0.375 0
1677856327591 0.25 0
1677856327611 0.4375 0
1677856327631 0.3125 0
1677856327651 0.375 0
1677856327671 0.21875 0
1677856327691 0.375 0
1677856327711 0.25 0
1677856327731 0.5 0
1677856327750 0.25 0
1677856327936 0.2776 0
1677856329195 0.65625 0
1677856329222 0.34375 0
1677856329245 0.3125 0
1677856329268 0.28125 0
1677856329290 0.34375 0
1677856329313 0.34375 0
1677856329336 0.25 0
1677856329358 0.25 0
1677856329379 0.40625 0
1677856329400 0.28125 0
1677856329421 0.3125 0
1677856329442 0.3125 0
1677856329462 0.1875 0
1677856329483 0.5625 0
1677856329503 0.3125 0
1677856329524 0.34375 0
1677856329544 0.375 0
1677856329566 0.40625 0
1677856329589 0.28125 0
1677856329610 0.25 0
1677856329631 0.25 0
1677856329651 0.34375 0
1677856329672 0.28125 0
1677856329693 0.40625 0
1677856329713 0.375 0
1677856329734 0.3125 0
1677856329755 0.34375 0
1677856329775 0.40625 0
1677856329796 0.1875 0
1677856329817 0.46875 0
1677856329837 0.28125 0
1677856329858 0.28125 0
1677856329879 0.21875 0
1677856329900 0.28125 0
1677856329921 0.34375 0
1677856329942 0.25 0
1677856329962 0.3125 0
1677856329983 0.375 0
1677856330004 0.40625 0
1677856330025 0.34375 0
1677856330046 0.375 0
1677856330067 0.28125 0
1677856330087 0.3125 0
1677856330108 0.25 0
1677856330129 0.28125 0
1677856330149 0.3125 0
1677856330172 0.34375 0
1677856330193 0.375 0
1677856330214 0.34375 0
1677856330234 0.15625 0
1677856330255 0.34375 0
1677856330276 0.15625 0
1677856330297 0.1875 0
1677856330317 0.28125 0
1677856330338 0.34375 0
1677856330359 0.125 0
1677856330380 0.34375 0
1677856330400 0.375 0
1677856330421 0.4375 0
1677856330441 0.375 0
1677856330462 0.40625 0
1677856330483 0.40625 0
1677856330503 0.4375 0
1677856330524 0.34375 0
1677856330545 0.28125 0
1677856330566 0.34375 0
1677856330587 0.40625 0
1677856330607 0.28125 0
1677856330628 0.40625 0
1677856330649 0.4375 0
1677856330670 0.1875 0
1677856330691 0.375 0
1677856330712 0.21875 0
1677856330732 0.5 0
1677856330753 0.40625 0
1677856330774 0.34375 0
1677856330795 0.25 0
1677856330816 0.4375 0
1677856330835 0.5 0
1677856330999 0.3304 0
1677856332259 0.3125 0
1677856332291 0.34375 0
1677856332313 0.375 0
1677856332334 0.40625 0
1677856332356 0.40625 0
1677856332376 0.25 0
1677856332397 0.3125 0
1677856332418 0.40625 0
1677856332439 0.34375 0
1677856332460 0.5 0
1677856332481 0.34375 0
1677856332502 0.375 0
1677856332523 0.28125 0
1677856332544 0.34375 0
1677856332565 0.4375 0
1677856332586 0.4375 0
1677856332607 0.375 0
1677856332627 0.375 0
1677856332648 0.3125 0
1677856332669 0.375 0
1677856332690 0.375 0
1677856332710 0.28125 0
1677856332731 0.28125 0
1677856332752 0.3125 0
1677856332773 0.28125 0
1677856332794 0.40625 0
1677856332815 0.3125 0
1677856332834 0.375 0
1677856332857 0.34375 0
1677856332878 0.4375 0
1677856332898 0.28125 0
1677856332919 0.65625 0
1677856332940 0.3125 0
1677856332961 0.375 0
1677856332982 0.5 0
1677856333003 0.46875 0
1677856333023 0.40625 0
1677856333044 0.3125 0
1677856333065 0.5625 0
1677856333086 0.25 0
1677856333107 0.53125 0
1677856333127 0.4375 0
1677856333148 0.21875 0
1677856333169 0.4375 0
1677856333189 0.3125 0
1677856333210 0.25 0
1677856333231 0.4375 0
1677856333251 0.46875 0
1677856333273 0.375 0
1677856333294 0.53125 0
1677856333314 0.34375 0
1677856333335 0.375 0
1677856333356 0.3125 0
1677856333377 0.21875 0
1677856333397 0.5 0
1677856333418 0.40625 0
1677856333439 0.28125 0
1677856333460 0.28125 0
1677856333482 0.34375 0
1677856333505 0.375 0
1677856333525 0.375 0
1677856333545 0.46875 0
1677856333565 0.28125 0
1677856333586 0.34375 0
1677856333607 0.34375 0
1677856333628 0.375 0
1677856333648 0.40625 0
1677856333670 0.375 0
1677856333693 0.21875 0
1677856333715 0.4375 0
1677856333736 0.3125 0
1677856333757 0.28125 0
1677856333778 0.28125 0
1677856333799 0.3125 0
1677856333819 0.375 0
1677856333840 0.375 0
1677856333861 0.5 0
1677856333882 0.4375 0
1677856333901 0.0 0
1677856334098 0.3684 0
1677856335372 0.5 0
1677856335403 0.4375 0
1677856335439 0.40625 0
1677856335464 0.34375 0
1677856335493 0.375 0
1677856335518 0.53125 0
1677856335537 0.4375 0
1677856335555 0.53125 0
1677856335577 0.34375 0
1677856335598 0.5 0
1677856335620 0.46875 0
1677856335643 0.46875 0
1677856335665 0.34375 0
1677856335688 0.40625 0
1677856335711 0.46875 0
1677856335736 0.375 0
1677856335759 0.3125 0
1677856335781 0.34375 0
1677856335804 0.3125 0
1677856335826 0.40625 0
1677856335849 0.375 0
1677856335871 0.25 0
1677856335896 0.46875 0
1677856335919 0.4375 0
1677856335941 0.40625 0
1677856335963 0.34375 0
1677856335986 0.375 0
1677856336009 0.4375 0
1677856336031 0.375 0
1677856336053 0.4375 0
1677856336075 0.375 0
1677856336098 0.4375 0
1677856336120 0.4375 0
1677856336141 0.21875 0
1677856336164 0.40625 0
1677856336186 0.375 0
1677856336209 0.4375 0
1677856336231 0.4375 0
1677856336254 0.46875 0
1677856336276 0.28125 0
1677856336298 0.375 0
1677856336320 0.3125 0
1677856336343 0.25 0
1677856336365 0.53125 0
1677856336387 0.3125 0
1677856336409 0.3125 0
1677856336432 0.375 0
1677856336454 0.34375 0
1677856336476 0.34375 0
1677856336498 0.40625 0
1677856336521 0.34375 0
1677856336543 0.25 0
1677856336565 0.375 0
1677856336588 0.53125 0
1677856336610 0.5 0
1677856336632 0.28125 0
1677856336656 0.46875 0
1677856336680 0.46875 0
1677856336702 0.375 0
1677856336725 0.46875 0
1677856336764 0.4375 0
1677856336786 0.59375 0
1677856336809 0.375 0
1677856336831 0.4375 0
1677856336854 0.40625 0
1677856336876 0.5 0
1677856336898 0.34375 0
1677856336920 0.53125 0
1677856336942 0.25 0
1677856336963 0.40625 0
1677856336984 0.3125 0
1677856337005 0.375 0
1677856337025 0.375 0
1677856337047 0.34375 0
1677856337068 0.34375 0
1677856337089 0.40625 0
1677856337110 0.34375 0
1677856337131 0.40625 0
1677856337150 0.25 0
1677856337352 0.396 0
1677856338607 0.46875 0
1677856338645 0.65625 0
1677856338669 0.375 0
1677856338699 0.40625 0
1677856338728 0.5 0
1677856338760 0.5 0
1677856338780 0.46875 0
1677856338799 0.53125 0
1677856338818 0.28125 0
1677856338837 0.3125 0
1677856338857 0.375 0
1677856338877 0.59375 0
1677856338897 0.4375 0
1677856338917 0.34375 0
1677856338937 0.3125 0
1677856338958 0.46875 0
1677856338983 0.46875 0
1677856339005 0.34375 0
1677856339027 0.5 0
1677856339052 0.34375 0
1677856339076 0.46875 0
1677856339108 0.375 0
1677856339132 0.4375 0
1677856339156 0.28125 0
1677856339180 0.34375 0
1677856339203 0.40625 0
1677856339226 0.5625 0
1677856339249 0.46875 0
1677856339271 0.3125 0
1677856339293 0.5 0
1677856339315 0.5 0
1677856339336 0.59375 0
1677856339358 0.5 0
1677856339379 0.34375 0
1677856339401 0.375 0
1677856339423 0.4375 0
1677856339444 0.375 0
1677856339466 0.375 0
1677856339488 0.4375 0
1677856339509 0.4375 0
1677856339530 0.53125 0
1677856339553 0.40625 0
1677856339576 0.3125 0
1677856339599 0.46875 0
1677856339622 0.40625 0
1677856339644 0.34375 0
1677856339667 0.3125 0
1677856339690 0.40625 0
1677856339712 0.375 0
1677856339735 0.53125 0
1677856339758 0.40625 0
1677856339780 0.3125 0
1677856339803 0.3125 0
1677856339828 0.625 0
1677856339852 0.40625 0
1677856339875 0.5 0
1677856339898 0.4375 0
1677856339921 0.40625 0
1677856339943 0.375 0
1677856339966 0.375 0
1677856339989 0.5 0
1677856340012 0.40625 0
1677856340035 0.53125 0
1677856340060 0.53125 0
1677856340083 0.40625 0
1677856340105 0.3125 0
1677856340128 0.34375 0
1677856340151 0.40625 0
1677856340174 0.53125 0
1677856340197 0.46875 0
1677856340220 0.53125 0
1677856340242 0.4375 0
1677856340265 0.4375 0
1677856340288 0.4375 0
1677856340310 0.5625 0
1677856340331 0.375 0
1677856340353 0.59375 0
1677856340375 0.59375 0
1677856340394 0.75 0
1677856340576 0.4348 0
1677856341819 0.46875 0
1677856341863 0.4375 0
1677856341895 0.5 0
1677856341925 0.625 0
1677856341954 0.3125 0
1677856341984 0.375 0
1677856342019 0.4375 0
1677856342046 0.5 0
1677856342077 0.375 0
1677856342106 0.46875 0
1677856342134 0.4375 0
1677856342164 0.46875 0
1677856342193 0.375 0
1677856342224 0.375 0
1677856342252 0.5625 0
1677856342280 0.375 0
1677856342308 0.375 0
1677856342337 0.53125 0
1677856342366 0.46875 0
1677856342390 0.46875 0
1677856342412 0.59375 0
1677856342434 0.28125 0
1677856342456 0.40625 0
1677856342478 0.46875 0
1677856342500 0.5 0
1677856342522 0.34375 0
1677856342544 0.59375 0
1677856342566 0.5 0
1677856342588 0.4375 0
1677856342609 0.53125 0
1677856342631 0.5625 0
1677856342653 0.34375 0
1677856342675 0.4375 0
1677856342697 0.625 0
1677856342719 0.375 0
1677856342741 0.3125 0
1677856342763 0.65625 0
1677856342785 0.65625 0
1677856342807 0.53125 0
1677856342829 0.53125 0
1677856342851 0.5 0
1677856342873 0.4375 0
1677856342895 0.40625 0
1677856342916 0.46875 0
1677856342938 0.375 0
1677856342960 0.59375 0
1677856342982 0.53125 0
1677856343004 0.5625 0
1677856343025 0.5 0
1677856343047 0.46875 0
1677856343069 0.40625 0
1677856343091 0.46875 0
1677856343112 0.28125 0
1677856343135 0.5625 0
1677856343157 0.40625 0
1677856343179 0.5 0
1677856343201 0.625 0
1677856343222 0.3125 0
1677856343244 0.53125 0
1677856343266 0.4375 0
1677856343288 0.59375 0
1677856343310 0.34375 0
1677856343332 0.40625 0
1677856343354 0.375 0
1677856343376 0.53125 0
1677856343398 0.4375 0
1677856343420 0.46875 0
1677856343442 0.4375 0
1677856343464 0.40625 0
1677856343485 0.5 0
1677856343507 0.625 0
1677856343529 0.46875 0
1677856343551 0.59375 0
1677856343573 0.59375 0
1677856343595 0.40625 0
1677856343617 0.46875 0
1677856343639 0.4375 0
1677856343661 0.46875 0
1677856343681 0.0 0
1677856343843 0.468 0
1677856345148 0.34375 0
1677856345174 0.5625 0
1677856345197 0.28125 0
1677856345223 0.375 0
1677856345245 0.53125 0
1677856345268 0.5625 0
1677856345292 0.46875 0
1677856345314 0.46875 0
1677856345337 0.4375 0
1677856345362 0.5 0
1677856345387 0.46875 0
1677856345417 0.46875 0
1677856345447 0.5 0
1677856345471 0.375 0
1677856345501 0.4375 0
1677856345527 0.53125 0
1677856345553 0.34375 0
1677856345579 0.5 0
1677856345604 0.46875 0
1677856345629 0.375 0
1677856345655 0.5 0
1677856345681 0.5625 0
1677856345707 0.46875 0
1677856345730 0.53125 0
1677856345753 0.40625 0
1677856345775 0.4375 0
1677856345798 0.34375 0
1677856345824 0.5 0
1677856345846 0.375 0
1677856345869 0.375 0
1677856345891 0.4375 0
1677856345922 0.34375 0
1677856345948 0.625 0
1677856345973 0.59375 0
1677856345998 0.46875 0
1677856346021 0.4375 0
1677856346043 0.5 0
1677856346066 0.375 0
1677856346089 0.5625 0
1677856346111 0.40625 0
1677856346133 0.40625 0
1677856346156 0.34375 0
1677856346178 0.53125 0
1677856346200 0.28125 0
1677856346223 0.46875 0
1677856346245 0.59375 0
1677856346265 0.4375 0
1677856346286 0.46875 0
1677856346309 0.4375 0
1677856346332 0.40625 0
1677856346361 0.53125 0
1677856346390 0.53125 0
1677856346421 0.46875 0
1677856346451 0.46875 0
1677856346480 0.4375 0
1677856346510 0.5 0
1677856346540 0.53125 0
1677856346563 0.3125 0
1677856346589 0.5625 0
1677856346611 0.53125 0
1677856346633 0.4375 0
1677856346656 0.40625 0
1677856346678 0.3125 0
1677856346700 0.4375 0
1677856346723 0.4375 0
1677856346745 0.46875 0
1677856346767 0.4375 0
1677856346790 0.40625 0
1677856346812 0.5625 0
1677856346835 0.53125 0
1677856346857 0.53125 0
1677856346879 0.5 0
1677856346902 0.625 0
1677856346924 0.5 0
1677856346947 0.53125 0
1677856346978 0.375 0
1677856347015 0.40625 0
1677856347037 0.5 0
1677856347058 0.25 0
1677856347254 0.46 0
1677856348529 0.59375 0
1677856348558 0.625 0
1677856348584 0.375 0
1677856348618 0.5 0
1677856348640 0.46875 0
1677856348659 0.3125 0
1677856348679 0.4375 0
1677856348704 0.53125 0
1677856348741 0.5 0
1677856348765 0.46875 0
1677856348787 0.53125 0
1677856348817 0.28125 0
1677856348839 0.46875 0
1677856348858 0.25 0
1677856348881 0.4375 0
1677856348903 0.375 0
1677856348932 0.46875 0
1677856348964 0.59375 0
1677856348986 0.53125 0
1677856349007 0.5 0
1677856349034 0.40625 0
1677856349073 0.375 0
1677856349097 0.5 0
1677856349123 0.53125 0
1677856349162 0.4375 0
1677856349333 0.5 0
1677856349361 0.53125 0
1677856349387 0.34375 0
1677856349411 0.5625 0
1677856349434 0.46875 0
1677856349458 0.46875 0
1677856349487 0.5 0
1677856349510 0.5 0
1677856349533 0.46875 0
1677856349556 0.53125 0
1677856349587 0.40625 0
1677856349618 0.5 0
1677856349637 0.3125 0
1677856349660 0.4375 0
1677856349683 0.375 0
1677856349706 0.46875 0
1677856349729 0.53125 0
1677856349751 0.46875 0
1677856349771 0.4375 0
1677856349791 0.6875 0
1677856349812 0.3125 0
1677856349835 0.5 0
1677856349863 0.46875 0
1677856349894 0.53125 0
1677856349920 0.46875 0
1677856349955 0.4375 0
1677856349984 0.53125 0
1677856350013 0.46875 0
1677856350038 0.28125 0
1677856350063 0.46875 0
1677856350088 0.6875 0
1677856350113 0.46875 0
1677856350141 0.5 0
1677856350165 0.40625 0
1677856350195 0.53125 0
1677856350225 0.4375 0
1677856350251 0.5625 0
1677856350279 0.5 0
1677856350311 0.5625 0
1677856350334 0.5 0
1677856350358 0.625 0
1677856350382 0.5625 0
1677856350406 0.59375 0
1677856350430 0.53125 0
1677856350454 0.46875 0
1677856350477 0.5 0
1677856350500 0.46875 0
1677856350523 0.46875 0
1677856350546 0.625 0
1677856350569 0.53125 0
1677856350592 0.625 0
1677856350615 0.53125 0
1677856350638 0.46875 0
1677856350659 0.25 0
1677856350837 0.482 0
1677856352083 0.40625 0
1677856352114 0.46875 0
1677856352144 0.5625 0
1677856352167 0.40625 0
1677856352191 0.4375 0
1677856352214 0.46875 0
1677856352238 0.5 0
1677856352261 0.4375 0
1677856352285 0.625 0
1677856352310 0.375 0
1677856352334 0.5625 0
1677856352359 0.5 0
1677856352383 0.46875 0
1677856352406 0.59375 0
1677856352430 0.46875 0
1677856352453 0.46875 0
1677856352476 0.5 0
1677856352499 0.46875 0
1677856352522 0.40625 0
1677856352545 0.3125 0
1677856352568 0.5625 0
1677856352591 0.53125 0
1677856352614 0.375 0
1677856352637 0.46875 0
1677856352660 0.40625 0
1677856352683 0.6875 0
1677856352706 0.4375 0
1677856352729 0.53125 0
1677856352753 0.5 0
1677856352777 0.53125 0
1677856352800 0.53125 0
1677856352823 0.40625 0
1677856352846 0.59375 0
1677856352869 0.625 0
1677856352892 0.53125 0
1677856352915 0.65625 0
1677856352938 0.59375 0
1677856352961 0.5 0
1677856352985 0.4375 0
1677856353008 0.625 0
1677856353031 0.34375 0
1677856353053 0.53125 0
1677856353076 0.40625 0
1677856353099 0.5625 0
1677856353122 0.3125 0
1677856353145 0.53125 0
1677856353168 0.59375 0
1677856353191 0.5625 0
1677856353213 0.375 0
1677856353236 0.4375 0
1677856353259 0.53125 0
1677856353282 0.53125 0
1677856353305 0.65625 0
1677856353330 0.53125 0
1677856353353 0.53125 0
1677856353376 0.53125 0
1677856353399 0.53125 0
1677856353421 0.3125 0
1677856353444 0.25 0
1677856353467 0.625 0
1677856353489 0.53125 0
1677856353512 0.53125 0
1677856353535 0.59375 0
1677856353558 0.5625 0
1677856353581 0.59375 0
1677856353604 0.59375 0
1677856353627 0.40625 0
1677856353650 0.5625 0
1677856353673 0.4375 0
1677856353696 0.5 0
1677856353719 0.46875 0
1677856353742 0.5625 0
1677856353765 0.4375 0
1677856353788 0.5 0
1677856353811 0.375 0
1677856353834 0.5625 0
1677856353857 0.40625 0
1677856353880 0.34375 0
1677856353902 0.5 0
1677856354070 0.4952 0
1677856355333 0.53125 0
1677856355357 0.46875 0
1677856355377 0.5 0
1677856355399 0.46875 0
1677856355423 0.46875 0
1677856355447 0.65625 0
1677856355470 0.40625 0
1677856355494 0.4375 0
1677856355518 0.5625 0
1677856355542 0.5625 0
1677856355566 0.75 0
1677856355590 0.5 0
1677856355615 0.625 0
1677856355639 0.59375 0
1677856355662 0.53125 0
1677856355686 0.5 0
1677856355710 0.59375 0
1677856355733 0.65625 0
1677856355757 0.5625 0
1677856355781 0.65625 0
1677856355804 0.625 0
1677856355828 0.59375 0
1677856355852 0.5 0
1677856355875 0.59375 0
1677856355898 0.40625 0
1677856355918 0.46875 0
1677856355942 0.40625 0
1677856355963 0.375 0
1677856355983 0.625 0
1677856356003 0.46875 0
1677856356023 0.4375 0
1677856356044 0.5625 0
1677856356064 0.40625 0
1677856356084 0.5625 0
1677856356105 0.625 0
1677856356127 0.46875 0
1677856356151 0.59375 0
1677856356174 0.59375 0
1677856356199 0.65625 0
1677856356224 0.46875 0
1677856356248 0.5 0
1677856356271 0.5625 0
1677856356294 0.3125 0
1677856356317 0.5 0
1677856356341 0.53125 0
1677856356364 0.4375 0
1677856356387 0.59375 0
1677856356410 0.4375 0
1677856356434 0.5625 0
1677856356457 0.5625 0
1677856356480 0.53125 0
1677856356503 0.53125 0
1677856356526 0.625 0
1677856356550 0.5625 0
1677856356580 0.5 0
1677856356611 0.46875 0
1677856356634 0.4375 0
1677856356657 0.65625 0
1677856356681 0.53125 0
1677856356704 0.625 0
1677856356727 0.46875 0
1677856356750 0.53125 0
1677856356774 0.4375 0
1677856356797 0.5625 0
1677856356820 0.5625 0
1677856356843 0.5 0
1677856356866 0.5 0
1677856356890 0.46875 0
1677856356914 0.53125 0
1677856356938 0.71875 0
1677856356961 0.59375 0
1677856356984 0.46875 0
1677856357008 0.53125 0
1677856357031 0.75 0
1677856357054 0.46875 0
1677856357078 0.53125 0
1677856357101 0.28125 0
1677856357124 0.53125 0
1677856357146 0.75 0
1677856357320 0.5308 0
1677856358560 0.5 0
1677856358584 0.65625 0
1677856358617 0.625 0
1677856358647 0.53125 0
1677856358669 0.65625 0
1677856358690 0.4375 0
1677856358718 0.625 0
1677856358743 0.5 0
1677856358768 0.53125 0
1677856358794 0.625 0
1677856358819 0.625 0
1677856358844 0.4375 0
1677856358869 0.40625 0
1677856358895 0.5625 0
1677856358920 0.4375 0
1677856358945 0.375 0
1677856358970 0.40625 0
1677856358996 0.4375 0
1677856359021 0.59375 0
1677856359046 0.5 0
1677856359071 0.5625 0
1677856359097 0.46875 0
1677856359122 0.5 0
1677856359147 0.59375 0
1677856359172 0.65625 0
1677856359198 0.53125 0
1677856359226 0.40625 0
1677856359251 0.5 0
1677856359276 0.53125 0
1677856359302 0.5 0
1677856359327 0.59375 0
1677856359352 0.53125 0
1677856359378 0.53125 0
1677856359403 0.53125 0
1677856359428 0.5 0
1677856359454 0.4375 0
1677856359479 0.65625 0
1677856359505 0.34375 0
1677856359530 0.34375 0
1677856359555 0.5625 0
1677856359580 0.71875 0
1677856359753 0.40625 0
1677856359779 0.625 0
1677856359803 0.4375 0
1677856359827 0.5625 0
1677856359851 0.46875 0
1677856359874 0.5625 0
1677856359898 0.53125 0
1677856359921 0.34375 0
1677856359945 0.53125 0
1677856359969 0.5 0
1677856359992 0.59375 0
1677856360017 0.5625 0
1677856360042 0.46875 0
1677856360067 0.46875 0
1677856360093 0.59375 0
1677856360118 0.65625 0
1677856360143 0.625 0
1677856360169 0.53125 0
1677856360195 0.5625 0
1677856360221 0.59375 0
1677856360246 0.5 0
1677856360268 0.40625 0
1677856360293 0.625 0
1677856360319 0.59375 0
1677856360343 0.53125 0
1677856360367 0.65625 0
1677856360390 0.53125 0
1677856360414 0.53125 0
1677856360438 0.40625 0
1677856360461 0.5625 0
1677856360485 0.53125 0
1677856360509 0.53125 0
1677856360533 0.46875 0
1677856360556 0.59375 0
1677856360580 0.53125 0
1677856360603 0.46875 0
1677856360627 0.59375 0
1677856360649 0.25 0
1677856360848 0.5272 0
1677856362107 0.59375 0
1677856362127 0.5 0
1677856362154 0.4375 0
1677856362186 0.65625 0
1677856362211 0.59375 0
1677856362236 0.53125 0
1677856362261 0.5625 0
1677856362286 0.59375 0
1677856362311 0.46875 0
1677856362589 0.625 0
1677856362632 0.53125 0
1677856362656 0.5625 0
1677856362681 0.4375 0
1677856362705 0.5 0
1677856362729 0.46875 0
1677856362753 0.5625 0
1677856362777 0.46875 0
1677856362801 0.5625 0
1677856362825 0.5625 0
1677856362849 0.53125 0
1677856362873 0.65625 0
1677856362897 0.46875 0
1677856362921 0.75 0
1677856362945 0.5625 0
1677856362969 0.5625 0
1677856362993 0.5625 0
1677856363018 0.46875 0
1677856363042 0.46875 0
1677856363066 0.5625 0
1677856363090 0.59375 0
1677856363114 0.5625 0
1677856363138 0.65625 0
1677856363162 0.46875 0
1677856363186 0.46875 0
1677856363210 0.625 0
1677856363234 0.625 0
1677856363258 0.59375 0
1677856363283 0.5 0
1677856363307 0.78125 0
1677856363331 0.5 0
1677856363355 0.4375 0
1677856363379 0.6875 0
1677856363403 0.3125 0
1677856363427 0.53125 0
1677856363451 0.5625 0
1677856363475 0.5625 0
1677856363499 0.53125 0
1677856363523 0.5625 0
1677856363546 0.53125 0
1677856363570 0.5 0
1677856363594 0.625 0
1677856363618 0.53125 0
1677856363642 0.59375 0
1677856363666 0.625 0
1677856363690 0.40625 0
1677856363714 0.65625 0
1677856363738 0.5625 0
1677856363762 0.625 0
1677856363786 0.5625 0
1677856363810 0.46875 0
1677856363834 0.4375 0
1677856363858 0.5625 0
1677856363882 0.4375 0
1677856363906 0.5 0
1677856363930 0.53125 0
1677856363954 0.59375 0
1677856363978 0.5625 0
1677856364002 0.59375 0
1677856364026 0.59375 0
1677856364050 0.65625 0
1677856364074 0.625 0
1677856364098 0.34375 0
1677856364122 0.53125 0
1677856364147 0.71875 0
1677856364171 0.4375 0
1677856364195 0.53125 0
1677856364219 0.46875 0
1677856364243 0.59375 0
1677856364265 0.5 0
1677856364452 0.5484 0
1677856365713 0.53125 0
1677856365747 0.5625 0
1677856365780 0.46875 0
1677856365809 0.625 0
1677856365835 0.5625 0
1677856365860 0.46875 0
1677856365885 0.5 0
1677856365911 0.5625 0
1677856365936 0.625 0
1677856365961 0.59375 0
1677856365988 0.5 0
1677856366014 0.625 0
1677856366040 0.5 0
1677856366064 0.40625 0
1677856366089 0.53125 0
1677856366113 0.75 0
1677856366137 0.59375 0
1677856366162 0.53125 0
1677856366187 0.625 0
1677856366211 0.65625 0
1677856366236 0.8125 0
1677856366261 0.59375 0
1677856366285 0.59375 0
1677856366310 0.65625 0
1677856366334 0.59375 0
1677856366358 0.59375 0
1677856366383 0.53125 0
1677856366407 0.53125 0
1677856366432 0.59375 0
1677856366459 0.5 0
1677856366484 0.46875 0
1677856366508 0.5625 0
1677856366533 0.625 0
1677856366557 0.59375 0
1677856366581 0.5 0
1677856366606 0.46875 0
1677856366630 0.65625 0
1677856366654 0.65625 0
1677856366679 0.625 0
1677856366703 0.5625 0
1677856366727 0.40625 0
1677856366751 0.59375 0
1677856366776 0.59375 0
1677856366800 0.5625 0
1677856366824 0.5625 0
1677856366848 0.65625 0
1677856366872 0.375 0
1677856366897 0.5 0
1677856366921 0.5 0
1677856366945 0.625 0
1677856366969 0.625 0
1677856366993 0.5 0
1677856367018 0.53125 0
1677856367042 0.53125 0
1677856367066 0.53125 0
1677856367090 0.53125 0
1677856367114 0.6875 0
1677856367139 0.5625 0
1677856367163 0.5625 0
1677856367187 0.5 0
1677856367211 0.5 0
1677856367236 0.59375 0
1677856367260 0.5 0
1677856367285 0.5625 0
1677856367309 0.46875 0
1677856367333 0.5 0
1677856367358 0.625 0
1677856367382 0.46875 0
1677856367407 0.4375 0
1677856367431 0.5625 0
1677856367455 0.53125 0
1677856367480 0.4375 0
1677856367504 0.5 0
1677856367529 0.59375 0
1677856367553 0.65625 0
1677856367578 0.5625 0
1677856367602 0.53125 0
1677856367627 0.53125 0
1677856367649 0.25 0
1677856367866 0.5564 0
1677856369116 0.59375 0
1677856369277 0.40625 0
1677856369299 0.6875 0
1677856369321 0.59375 0
1677856369343 0.5 0
1677856369367 0.625 0
1677856369388 0.6875 0
1677856369409 0.5625 0
1677856369432 0.4375 0
1677856369457 0.625 0
1677856369482 0.59375 0
1677856369507 0.5 0
1677856369532 0.65625 0
1677856369557 0.59375 0
1677856369582 0.71875 0
1677856369607 0.71875 0
1677856369631 0.59375 0
1677856369656 0.59375 0
1677856369681 0.65625 0
1677856369706 0.4375 0
1677856369731 0.53125 0
1677856369756 0.59375 0
1677856369781 0.625 0
1677856369806 0.40625 0
1677856369832 0.40625 0
1677856369857 0.40625 0
1677856369885 0.65625 0
1677856369912 0.625 0
1677856369941 0.46875 0
1677856369968 0.5625 0
1677856369996 0.40625 0
1677856370025 0.65625 0
1677856370053 0.59375 0
1677856370081 0.5 0
1677856370108 0.5 0
1677856370134 0.65625 0
1677856370160 0.40625 0
1677856370185 0.5 0
1677856370211 0.375 0
1677856370236 0.5625 0
1677856370261 0.59375 0
1677856370286 0.5625 0
1677856370311 0.40625 0
1677856370335 0.53125 0
1677856370360 0.5 0
1677856370385 0.46875 0
1677856370412 0.625 0
1677856370437 0.625 0
1677856370462 0.46875 0
1677856370487 0.53125 0
1677856370512 0.6875 0
1677856370538 0.65625 0
1677856370565 0.5 0
1677856370591 0.78125 0
1677856370616 0.59375 0
1677856370641 0.625 0
1677856370666 0.59375 0
1677856370691 0.59375 0
1677856370716 0.59375 0
1677856370741 0.4375 0
1677856370766 0.5 0
1677856370791 0.53125 0
1677856370816 0.65625 0
1677856370841 0.5625 0
1677856370866 0.6875 0
1677856370891 0.75 0
1677856370918 0.46875 0
1677856370943 0.65625 0
1677856370969 0.53125 0
1677856370994 0.6875 0
1677856371019 0.53125 0
1677856371044 0.625 0
1677856371069 0.625 0
1677856371094 0.5625 0
1677856371119 0.5625 0
1677856371144 0.4375 0
1677856371169 0.4375 0
1677856371194 0.53125 0
1677856371218 0.5 0
1677856371402 0.5632 0
1677856372649 0.4375 0
1677856372698 0.46875 0
1677856372727 0.5 0
1677856372754 0.59375 0
1677856372780 0.65625 0
1677856372805 0.625 0
1677856372831 0.625 0
1677856372878 0.4375 0
1677856372904 0.65625 0
1677856372929 0.40625 0
1677856372954 0.53125 0
1677856372979 0.5625 0
1677856373004 0.53125 0
1677856373029 0.59375 0
1677856373055 0.625 0
1677856373080 0.75 0
1677856373105 0.5625 0
1677856373131 0.65625 0
1677856373156 0.46875 0
1677856373181 0.34375 0
1677856373207 0.46875 0
1677856373234 0.59375 0
1677856373260 0.75 0
1677856373285 0.6875 0
1677856373310 0.59375 0
1677856373336 0.59375 0
1677856373361 0.78125 0
1677856373387 0.71875 0
1677856373412 0.625 0
1677856373437 0.40625 0
1677856373462 0.625 0
1677856373487 0.53125 0
1677856373513 0.5625 0
1677856373538 0.5 0
1677856373563 0.53125 0
1677856373588 0.6875 0
1677856373613 0.53125 0
1677856373638 0.5 0
1677856373664 0.59375 0
1677856373689 0.4375 0
1677856373714 0.6875 0
1677856373739 0.53125 0
1677856373763 0.46875 0
1677856373788 0.625 0
1677856373813 0.46875 0
1677856373838 0.5625 0
1677856373863 0.59375 0
1677856373888 0.75 0
1677856373913 0.6875 0
1677856373938 0.53125 0
1677856373963 0.59375 0
1677856373988 0.53125 0
1677856374013 0.4375 0
1677856374038 0.46875 0
1677856374063 0.59375 0
1677856374088 0.6875 0
1677856374113 0.59375 0
1677856374138 0.4375 0
1677856374163 0.46875 0
1677856374188 0.625 0
1677856374213 0.5625 0
1677856374238 0.59375 0
1677856374263 0.5 0
1677856374288 0.71875 0
1677856374313 0.40625 0
1677856374338 0.5625 0
1677856374363 0.625 0
1677856374388 0.71875 0
1677856374413 0.53125 0
1677856374438 0.5625 0
1677856374463 0.46875 0
1677856374488 0.6875 0
1677856374513 0.84375 0
1677856374538 0.4375 0
1677856374563 0.6875 0
1677856374588 0.59375 0
1677856374613 0.625 0
1677856374641 0.5 0
1677856374665 0.5 0
1677856374866 0.5732 0
1677856376121 0.5625 0
1677856376153 0.59375 0
1677856376181 0.75 0
1677856376204 0.625 0
1677856376228 0.4375 0
1677856376249 0.5 0
1677856376269 0.53125 0
1677856376290 0.75 0
1677856376311 0.5625 0
1677856376331 0.625 0
1677856376355 0.65625 0
1677856376379 0.65625 0
1677856376400 0.46875 0
1677856376421 0.4375 0
1677856376442 0.5625 0
1677856376462 0.625 0
1677856376482 0.6875 0
1677856376503 0.59375 0
1677856376527 0.53125 0
1677856376552 0.5625 0
1677856376577 0.53125 0
1677856376602 0.65625 0
1677856376779 0.4375 0
1677856376806 0.71875 0
1677856376832 0.59375 0
1677856376858 0.40625 0
1677856376883 0.5625 0
1677856376908 0.59375 0
1677856376934 0.59375 0
1677856376960 0.53125 0
1677856376985 0.5625 0
1677856377011 0.6875 0
1677856377036 0.5 0
1677856377062 0.53125 0
1677856377087 0.5625 0
1677856377112 0.53125 0
1677856377138 0.65625 0
1677856377163 0.59375 0
1677856377189 0.59375 0
1677856377214 0.59375 0
1677856377239 0.71875 0
1677856377265 0.6875 0
1677856377290 0.5 0
1677856377315 0.625 0
1677856377340 0.53125 0
1677856377365 0.65625 0
1677856377391 0.59375 0
1677856377416 0.875 0
1677856377442 0.53125 0
1677856377467 0.5625 0
1677856377493 0.65625 0
1677856377518 0.5 0
1677856377543 0.65625 0
1677856377568 0.625 0
1677856377594 0.40625 0
1677856377619 0.53125 0
1677856377644 0.5625 0
1677856377669 0.8125 0
1677856377695 0.5625 0
1677856377720 0.65625 0
1677856377745 0.65625 0
1677856377771 0.375 0
1677856377796 0.53125 0
1677856377821 0.5625 0
1677856377847 0.5 0
1677856377872 0.5 0
1677856377897 0.375 0
1677856377922 0.8125 0
1677856377950 0.65625 0
1677856377990 0.65625 0
1677856378016 0.5 0
1677856378041 0.625 0
1677856378066 0.59375 0
1677856378091 0.71875 0
1677856378117 0.5625 0
1677856378142 0.53125 0
1677856378168 0.53125 0
1677856378193 0.53125 0
1677856378217 0.25 0
1677856378428 0.5844 0
1677856379682 0.5625 0
1677856379708 0.71875 0
1677856379733 0.46875 0
1677856379754 0.5625 0
1677856379783 0.59375 0
1677856379811 0.5 0
1677856379839 0.5625 0
1677856379866 0.53125 0
1677856379895 0.53125 0
1677856379924 0.46875 0
1677856379953 0.5625 0
1677856379981 0.6875 0
1677856380009 0.5 0
1677856380037 0.59375 0
1677856380063 0.78125 0
1677856380089 0.5625 0
1677856380115 0.71875 0
1677856380142 0.65625 0
1677856380168 0.5625 0
1677856380194 0.6875 0
1677856380220 0.5625 0
1677856380245 0.46875 0
1677856380271 0.5625 0
1677856380297 0.625 0
1677856380323 0.65625 0
1677856380348 0.5625 0
1677856380374 0.6875 0
1677856380400 0.5625 0
1677856380425 0.6875 0
1677856380451 0.59375 0
1677856380477 0.5 0
1677856380502 0.5 0
1677856380528 0.625 0
1677856380554 0.4375 0
1677856380580 0.5625 0
1677856380605 0.59375 0
1677856380631 0.5625 0
1677856380657 0.53125 0
1677856380683 0.65625 0
1677856380708 0.5 0
1677856380734 0.6875 0
1677856380760 0.53125 0
1677856380787 0.46875 0
1677856380815 0.53125 0
1677856380841 0.75 0
1677856380867 0.59375 0
1677856380892 0.6875 0
1677856380918 0.6875 0
1677856380944 0.625 0
1677856380969 0.59375 0
1677856380995 0.71875 0
1677856381020 0.78125 0
1677856381180 0.53125 0
1677856381207 0.5625 0
1677856381235 0.78125 0
1677856381263 0.5625 0
1677856381290 0.6875 0
1677856381318 0.65625 0
1677856381346 0.78125 0
1677856381374 0.65625 0
1677856381401 0.625 0
1677856381429 0.40625 0
1677856381456 0.59375 0
1677856381484 0.65625 0
1677856381511 0.5625 0
1677856381539 0.5625 0
1677856381566 0.5625 0
1677856381596 0.59375 0
1677856381624 0.75 0
1677856381651 0.65625 0
1677856381679 0.65625 0
1677856381707 0.53125 0
1677856381734 0.65625 0
1677856381762 0.65625 0
1677856381789 0.5 0
1677856381817 0.53125 0
1677856381844 0.75 0
1677856381872 0.625 0
1677856381898 0.25 0
1677856382084 0.602 0
1677856383330 0.5625 0
1677856383373 0.5625 0
1677856383409 0.53125 0
1677856383434 0.625 0
1677856383458 0.65625 0
1677856383492 0.53125 0
1677856383520 0.59375 0
1677856383542 0.625 0
1677856383564 0.625 0
1677856383585 0.5 0
1677856383608 0.625 0
1677856383631 0.6875 0
1677856383653 0.6875 0
1677856383674 0.59375 0
1677856383696 0.65625 0
1677856383721 0.5625 0
1677856383748 0.78125 0
1677856383775 0.46875 0
1677856383801 0.6875 0
1677856383827 0.375 0
1677856383854 0.5625 0
1677856383881 0.4375 0
1677856383908 0.65625 0
1677856383934 0.6875 0
1677856383960 0.71875 0
1677856383987 0.65625 0
1677856384014 0.78125 0
1677856384041 0.5 0
1677856384068 0.75 0
1677856384094 0.53125 0
1677856384120 0.5625 0
1677856384146 0.59375 0
1677856384173 0.59375 0
1677856384199 0.59375 0
1677856384225 0.4375 0
1677856384251 0.59375 0
1677856384277 0.59375 0
1677856384303 0.625 0
1677856384330 0.5625 0
1677856384356 0.625 0
1677856384382 0.5625 0
1677856384408 0.59375 0
1677856384434 0.71875 0
1677856384460 0.625 0
1677856384486 0.65625 0
1677856384512 0.6875 0
1677856384538 0.59375 0
1677856384563 0.53125 0
1677856384745 0.53125 0
1677856384773 0.625 0
1677856384801 0.625 0
1677856384830 0.53125 0
1677856384863 0.6875 0
1677856384897 0.65625 0
1677856384930 0.59375 0
1677856384960 0.46875 0
1677856384985 0.53125 0
1677856385011 0.6875 0
1677856385037 0.6875 0
1677856385063 0.5625 0
1677856385089 0.625 0
1677856385115 0.46875 0
1677856385141 0.65625 0
1677856385167 0.59375 0
1677856385193 0.53125 0
1677856385219 0.625 0
1677856385245 0.625 0
1677856385271 0.53125 0
1677856385297 0.59375 0
1677856385323 0.6875 0
1677856385349 0.59375 0
1677856385375 0.53125 0
1677856385401 0.65625 0
1677856385427 0.53125 0
1677856385453 0.59375 0
1677856385479 0.625 0
1677856385506 0.59375 0
1677856385532 0.6875 0
1677856385556 0.75 0
1677856385748 0.6016 0
1677856386988 0.40625 0
1677856387018 0.71875 0
1677856387044 0.59375 0
1677856387066 0.65625 0
1677856387091 0.65625 0
1677856387112 0.71875 0
1677856387138 0.6875 0
1677856387170 0.625 0
1677856387192 0.59375 0
1677856387218 0.75 0
1677856387244 0.625 0
1677856387270 0.625 0
1677856387299 0.5 0
1677856387325 0.59375 0
1677856387353 0.53125 0
1677856387379 0.71875 0
1677856387407 0.59375 0
1677856387434 0.5625 0
1677856387460 0.46875 0
1677856387487 0.5625 0
1677856387513 0.6875 0
1677856387540 0.5 0
1677856387570 0.625 0
1677856387599 0.625 0
1677856387627 0.59375 0
1677856387656 0.53125 0
1677856387684 0.6875 0
1677856387713 0.53125 0
1677856387741 0.5 0
1677856387769 0.59375 0
1677856387798 0.75 0
1677856387826 0.5625 0
1677856387854 0.625 0
1677856387883 0.625 0
1677856387911 0.46875 0
1677856387940 0.5625 0
1677856387968 0.59375 0
1677856387997 0.6875 0
1677856388025 0.78125 0
1677856388053 0.625 0
1677856388084 0.5 0
1677856388112 0.75 0
1677856388140 0.625 0
1677856388169 0.71875 0
1677856388201 0.59375 0
1677856388233 0.65625 0
1677856388260 0.53125 0
1677856388286 0.5625 0
1677856388312 0.53125 0
1677856388339 0.71875 0
1677856388365 0.625 0
1677856388391 0.53125 0
1677856388418 0.40625 0
1677856388444 0.625 0
1677856388471 0.5625 0
1677856388497 0.71875 0
1677856388524 0.65625 0
1677856388550 0.34375 0
1677856388576 0.625 0
1677856388604 0.59375 0
1677856388630 0.5625 0
1677856388656 0.625 0
1677856388682 0.59375 0
1677856388709 0.53125 0
1677856388735 0.75 0
1677856388762 0.59375 0
1677856388788 0.65625 0
1677856388815 0.625 0
1677856388841 0.53125 0
1677856388868 0.65625 0
1677856388894 0.59375 0
1677856388921 0.53125 0
1677856388948 0.59375 0
1677856388974 0.71875 0
1677856389003 0.65625 0
1677856389031 0.71875 0
1677856389057 0.8125 0
1677856389084 0.71875 0
1677856389109 0.5 0
1677856389298 0.6112 0
1677856390552 0.46875 0
1677856390590 0.6875 0
1677856390623 0.40625 0
1677856390658 0.6875 0
1677856390693 0.5625 0
1677856390728 0.53125 0
1677856390759 0.5625 0
1677856390791 0.53125 0
1677856390814 0.65625 0
1677856390837 0.65625 0
1677856390987 0.75 0
1677856391015 0.71875 0
1677856391044 0.46875 0
1677856391072 0.5 0
1677856391099 0.8125 0
1677856391126 0.59375 0
1677856391153 0.5 0
1677856391180 0.59375 0
1677856391207 0.78125 0
1677856391233 0.59375 0
1677856391260 0.90625 0
1677856391287 0.59375 0
1677856391314 0.6875 0
1677856391341 0.65625 0
1677856391368 0.46875 0
1677856391395 0.53125 0
1677856391422 0.625 0
1677856391449 0.53125 0
1677856391476 0.65625 0
1677856391503 0.59375 0
1677856391530 0.65625 0
1677856391557 0.5625 0
1677856391584 0.625 0
1677856391611 0.65625 0
1677856391638 0.5625 0
1677856391665 0.59375 0
1677856391691 0.5625 0
1677856391719 0.625 0
1677856391746 0.65625 0
1677856391773 0.59375 0
1677856391799 0.59375 0
1677856391826 0.6875 0
1677856391853 0.65625 0
1677856391880 0.65625 0
1677856391906 0.8125 0
1677856391933 0.625 0
1677856391960 0.53125 0
1677856391987 0.71875 0
1677856392014 0.65625 0
1677856392040 0.53125 0
1677856392067 0.59375 0
1677856392094 0.78125 0
1677856392121 0.5625 0
1677856392148 0.46875 0
1677856392174 0.75 0
1677856392201 0.625 0
1677856392228 0.53125 0
1677856392255 0.59375 0
1677856392282 0.625 0
1677856392309 0.53125 0
1677856392336 0.65625 0
1677856392363 0.625 0
1677856392389 0.65625 0
1677856392416 0.53125 0
1677856392443 0.59375 0
1677856392470 0.75 0
1677856392497 0.5625 0
1677856392524 0.78125 0
1677856392551 0.6875 0
1677856392577 0.65625 0
1677856392604 0.78125 0
1677856392631 0.6875 0
1677856392658 0.65625 0
1677856392685 0.75 0
1677856392712 0.53125 0
1677856392739 0.6875 0
1677856392766 0.5625 0
1677856392883 0.53125 0
1677856392911 0.5 0
1677856393086 0.6232 0
1677856394329 0.6875 0
1677856394353 0.59375 0
1677856394389 0.53125 0
1677856394421 0.625 0
1677856394450 0.59375 0
1677856394478 0.5625 0
1677856394506 0.71875 0
1677856394533 0.5 0
1677856394560 0.65625 0
1677856394589 0.625 0
1677856394618 0.71875 0
1677856394647 0.53125 0
1677856394676 0.53125 0
1677856394706 0.5625 0
1677856394735 0.6875 0
1677856394764 0.59375 0
1677856394794 0.625 0
1677856394821 0.46875 0
1677856394849 0.5625 0
1677856394877 0.625 0
1677856394904 0.59375 0
1677856394931 0.65625 0
1677856394958 0.625 0
1677856394986 0.6875 0
1677856395013 0.71875 0
1677856395040 0.5 0
1677856395068 0.46875 0
1677856395093 0.625 0
1677856395125 0.5625 0
1677856395149 0.59375 0
1677856395172 0.84375 0
1677856395197 0.65625 0
1677856395221 0.4375 0
1677856395243 0.71875 0
1677856395265 0.59375 0
1677856395287 0.65625 0
1677856395311 0.71875 0
1677856395334 0.71875 0
1677856395356 0.625 0
1677856395378 0.6875 0
1677856395404 0.5625 0
1677856395431 0.59375 0
1677856395458 0.59375 0
1677856395485 0.59375 0
1677856395512 0.625 0
1677856395539 0.6875 0
1677856395566 0.5 0
1677856395593 0.65625 0
1677856395621 0.625 0
1677856395648 0.5625 0
1677856395675 0.625 0
1677856395702 0.8125 0
1677856395729 0.59375 0
1677856395756 0.6875 0
1677856395783 0.6875 0
1677856395810 0.71875 0
1677856395837 0.6875 0
1677856395864 0.5 0
1677856395892 0.78125 0
1677856395919 0.59375 0
1677856395946 0.59375 0
1677856395973 0.59375 0
1677856396000 0.71875 0
1677856396027 0.78125 0
1677856396054 0.59375 0
1677856396081 0.65625 0
1677856396108 0.46875 0
1677856396135 0.625 0
1677856396162 0.625 0
1677856396190 0.71875 0
1677856396217 0.6875 0
1677856396244 0.59375 0
1677856396271 0.78125 0
1677856396298 0.6875 0
1677856396325 0.625 0
1677856396352 0.59375 0
1677856396380 0.71875 0
1677856396407 0.6875 0
1677856396432 0.5 0
1677856396612 0.6296 0
1677856397850 0.65625 0
1677856397902 0.53125 0
1677856397940 0.625 0
1677856397969 0.71875 0
1677856397998 0.59375 0
1677856398027 0.65625 0
1677856398055 0.5 0
1677856398083 0.5625 0
1677856398111 0.5625 0
1677856398139 0.59375 0
1677856398167 0.4375 0
1677856398195 0.71875 0
1677856398222 0.6875 0
1677856398250 0.78125 0
1677856398277 0.5625 0
1677856398305 0.6875 0
1677856398332 0.65625 0
1677856398360 0.53125 0
1677856398387 0.65625 0
1677856398415 0.625 0
1677856398453 0.6875 0
1677856398480 0.46875 0
1677856398508 0.625 0
1677856398535 0.5 0
1677856398563 0.625 0
1677856398590 0.625 0
1677856398767 0.53125 0
1677856398796 0.6875 0
1677856398824 0.65625 0
1677856398851 0.59375 0
1677856398879 0.59375 0
1677856398906 0.65625 0
1677856398934 0.625 0
1677856398962 0.59375 0
1677856398989 0.78125 0
1677856399017 0.625 0
1677856399044 0.75 0
1677856399072 0.6875 0
1677856399100 0.75 0
1677856399128 0.75 0
1677856399155 0.71875 0
1677856399182 0.75 0
1677856399210 0.59375 0
1677856399240 0.65625 0
1677856399268 0.5625 0
1677856399296 0.8125 0
1677856399323 0.4375 0
1677856399350 0.71875 0
1677856399378 0.46875 0
1677856399405 0.65625 0
1677856399433 0.6875 0
1677856399460 0.75 0
1677856399488 0.6875 0
1677856399516 0.53125 0
1677856399546 0.53125 0
1677856399576 0.65625 0
1677856399605 0.71875 0
1677856399635 0.71875 0
1677856399666 0.5625 0
1677856399696 0.59375 0
1677856399725 0.6875 0
1677856399753 0.75 0
1677856399781 0.75 0
1677856399808 0.46875 0
1677856399839 0.6875 0
1677856399870 0.59375 0
1677856399903 0.625 0
1677856399936 0.78125 0
1677856399965 0.84375 0
1677856399994 0.65625 0
1677856400023 0.625 0
1677856400053 0.71875 0
1677856400082 0.53125 0
1677856400111 0.6875 0
1677856400141 0.59375 0
1677856400171 0.625 0
1677856400192 0.625 0
1677856400213 0.71875 0
1677856400232 1.0 0
1677856400412 0.6408 0
1677856401717 0.625 0
1677856401753 0.625 0
1677856401778 0.65625 0
1677856401800 0.53125 0
1677856401821 0.71875 0
1677856401851 0.59375 0
1677856401884 0.53125 0
1677856401919 0.78125 0
1677856401949 0.59375 0
1677856401979 0.59375 0
1677856402011 0.75 0
1677856402041 0.6875 0
1677856402071 0.625 0
1677856402247 0.625 0
1677856402278 0.71875 0
1677856402307 0.65625 0
1677856402337 0.625 0
1677856402369 0.75 0
1677856402405 0.75 0
1677856402446 0.65625 0
1677856402482 0.59375 0
1677856402505 0.65625 0
1677856402527 0.75 0
1677856402550 0.5625 0
1677856402579 0.625 0
1677856402610 0.71875 0
1677856402643 0.65625 0
1677856402678 0.6875 0
1677856402710 0.625 0
1677856402739 0.59375 0
1677856402767 0.75 0
1677856402795 0.59375 0
1677856402824 0.8125 0
1677856402854 0.6875 0
1677856402886 0.625 0
1677856402919 0.65625 0
1677856402954 0.78125 0
1677856402983 0.78125 0
1677856403011 0.46875 0
1677856403039 0.75 0
1677856403067 0.8125 0
1677856403095 0.5625 0
1677856403123 0.59375 0
1677856403151 0.6875 0
1677856403179 0.5625 0
1677856403207 0.75 0
1677856403235 0.59375 0
1677856403263 0.5625 0
1677856403291 0.5625 0
1677856403321 0.75 0
1677856403351 0.625 0
1677856403380 0.6875 0
1677856403408 0.5625 0
1677856403436 0.75 0
1677856403464 0.75 0
1677856403492 0.65625 0
1677856403520 0.625 0
1677856403549 0.625 0
1677856403593 0.625 0
1677856403641 0.6875 0
1677856403669 0.53125 0
1677856403696 0.65625 0
1677856403724 0.625 0
1677856403753 0.65625 0
1677856403781 0.6875 0
1677856403809 0.65625 0
1677856403837 0.75 0
1677856403865 0.59375 0
1677856403893 0.71875 0
1677856403921 0.625 0
1677856403950 0.625 0
1677856403978 0.6875 0
1677856404006 0.6875 0
1677856404034 0.5625 0
1677856404062 0.6875 0
1677856404090 0.6875 0
1677856404118 0.75 0
1677856404147 0.71875 0
1677856404173 0.75 0
1677856404353 0.6592 0
1677856405729 0.625 0
1677856405765 0.65625 0
1677856405797 0.71875 0
1677856405826 0.71875 0
1677856405850 0.8125 0
1677856405872 0.46875 0
1677856405895 0.65625 0
1677856405921 0.625 0
1677856405948 0.6875 0
1677856405971 0.78125 0
1677856405993 0.65625 0
1677856406016 0.75 0
1677856406041 0.75 0
1677856406063 0.53125 0
1677856406090 0.75 0
1677856406118 0.59375 0
1677856406147 0.8125 0
1677856406175 0.5625 0
1677856406204 0.8125 0
1677856406232 0.5625 0
1677856406261 0.65625 0
1677856406289 0.8125 0
1677856406317 0.6875 0
1677856406346 0.625 0
1677856406374 0.75 0
1677856406403 0.5625 0
1677856406431 0.75 0
1677856406460 0.75 0
1677856406488 0.71875 0
1677856406517 0.59375 0
1677856406545 0.5625 0
1677856406573 0.6875 0
1677856406602 0.65625 0
1677856406630 0.75 0
1677856406658 0.6875 0
1677856406687 0.71875 0
1677856406715 0.65625 0
1677856406744 0.71875 0
1677856406773 0.71875 0
1677856406801 0.65625 0
1677856406830 0.5625 0
1677856406858 0.84375 0
1677856406886 0.5 0
1677856406914 0.78125 0
1677856406943 0.59375 0
1677856406971 0.53125 0
1677856406999 0.71875 0
1677856407027 0.5625 0
1677856407056 0.59375 0
1677856407084 0.65625 0
1677856407112 0.59375 0
1677856407140 0.75 0
1677856407169 0.59375 0
1677856407197 0.46875 0
1677856407225 0.65625 0
1677856407254 0.5625 0
1677856407282 0.6875 0
1677856407310 0.59375 0
1677856407339 0.90625 0
1677856407367 0.8125 0
1677856407395 0.5625 0
1677856407426 0.71875 0
1677856407454 0.84375 0
1677856407483 0.625 0
1677856407511 0.59375 0
1677856407540 0.6875 0
1677856407568 0.59375 0
1677856407688 0.65625 0
1677856407718 0.65625 0
1677856407747 0.5625 0
1677856407775 0.71875 0
1677856407804 0.71875 0
1677856407832 0.65625 0
1677856407861 0.59375 0
1677856407889 0.6875 0
1677856407918 0.5625 0
1677856407946 0.625 0
1677856407974 0.65625 0
1677856408001 0.0 0
1677856408203 0.6648 0
1677856409446 0.71875 0
1677856409488 0.59375 0
1677856409522 0.71875 0
1677856409553 0.65625 0
1677856409581 0.6875 0
1677856409609 0.53125 0
1677856409638 0.625 0
1677856409665 0.8125 0
1677856409689 0.625 0
1677856409717 0.625 0
1677856409741 0.6875 0
1677856409763 0.75 0
1677856409787 0.75 0
1677856409812 0.65625 0
1677856409835 0.65625 0
1677856409860 0.78125 0
1677856409883 0.71875 0
1677856409905 0.5625 0
1677856409932 0.84375 0
1677856409961 0.75 0
1677856409989 0.6875 0
1677856410018 0.53125 0
1677856410046 0.6875 0
1677856410075 0.78125 0
1677856410104 0.5 0
1677856410133 0.65625 0
1677856410161 0.71875 0
1677856410190 0.78125 0
1677856410219 0.46875 0
1677856410247 0.71875 0
1677856410276 0.75 0
1677856410305 0.625 0
1677856410334 0.59375 0
1677856410363 0.5625 0
1677856410391 0.71875 0
1677856410420 0.65625 0
1677856410449 0.6875 0
1677856410478 0.65625 0
1677856410507 0.625 0
1677856410535 0.65625 0
1677856410564 0.53125 0
1677856410592 0.65625 0
1677856410621 0.59375 0
1677856410650 0.5625 0
1677856410681 0.59375 0
1677856410712 0.5625 0
1677856410743 0.59375 0
1677856410773 0.84375 0
1677856410804 0.71875 0
1677856410836 0.625 0
1677856410866 0.75 0
1677856410895 0.71875 0
1677856410924 0.59375 0
1677856411099 0.65625 0
1677856411130 0.71875 0
1677856411159 0.6875 0
1677856411187 0.53125 0
1677856411216 0.65625 0
1677856411244 0.65625 0
1677856411273 0.625 0
1677856411302 0.625 0
1677856411331 0.75 0
1677856411360 0.59375 0
1677856411389 0.8125 0
1677856411418 0.625 0
1677856411447 0.65625 0
1677856411476 0.75 0
1677856411508 0.78125 0
1677856411538 0.65625 0
1677856411567 0.625 0
1677856411596 0.71875 0
1677856411625 0.46875 0
1677856411654 0.71875 0
1677856411685 0.59375 0
1677856411714 0.59375 0
1677856411743 0.65625 0
1677856411772 0.71875 0
1677856411801 0.625 0
1677856411829 0.25 0
1677856412007 0.6616 0
1677856413260 0.59375 0
1677856413304 0.75 0
1677856413345 0.6875 0
1677856413376 0.65625 0
1677856413408 0.65625 0
1677856413444 0.65625 0
1677856413479 0.59375 0
1677856413508 0.78125 0
1677856413538 0.8125 0
1677856413569 0.71875 0
1677856413598 0.65625 0
1677856413627 0.65625 0
1677856413656 0.78125 0
1677856413685 0.625 0
1677856413714 0.6875 0
1677856413743 0.75 0
1677856413772 0.71875 0
1677856413810 0.71875 0
1677856413840 0.625 0
1677856413868 0.65625 0
1677856413897 0.59375 0
1677856413926 0.65625 0
1677856413955 0.78125 0
1677856413985 0.5625 0
1677856414014 0.5625 0
1677856414043 0.46875 0
1677856414073 0.65625 0
1677856414102 0.78125 0
1677856414130 0.6875 0
1677856414159 0.5625 0
1677856414188 0.53125 0
1677856414217 0.625 0
1677856414246 0.71875 0
1677856414276 0.6875 0
1677856414305 0.625 0
1677856414334 0.625 0
1677856414363 0.6875 0
1677856414392 0.4375 0
1677856414421 0.71875 0
1677856414450 0.4375 0
1677856414622 0.6875 0
1677856414653 0.625 0
1677856414682 0.53125 0
1677856414711 0.71875 0
1677856414737 0.8125 0
1677856414759 0.4375 0
1677856414783 0.6875 0
1677856414811 0.65625 0
1677856414840 0.65625 0
1677856414869 0.78125 0
1677856414899 0.59375 0
1677856414928 0.8125 0
1677856414956 0.6875 0
1677856414985 0.6875 0
1677856415014 0.59375 0
1677856415043 0.71875 0
1677856415072 0.59375 0
1677856415101 0.84375 0
1677856415130 0.6875 0
1677856415159 0.5625 0
1677856415188 0.625 0
1677856415217 0.71875 0
1677856415246 0.5625 0
1677856415275 0.6875 0
1677856415304 0.6875 0
1677856415333 0.75 0
1677856415361 0.6875 0
1677856415390 0.78125 0
1677856415419 0.71875 0
1677856415448 0.71875 0
1677856415477 0.6875 0
1677856415506 0.78125 0
1677856415535 0.84375 0
1677856415565 0.59375 0
1677856415597 0.625 0
1677856415629 0.59375 0
1677856415660 0.71875 0
1677856415691 0.71875 0
1677856415721 0.25 0
1677856415914 0.6668 0
1677856417168 0.6875 0
1677856417221 0.625 0
1677856417261 0.6875 0
1677856417298 0.71875 0
1677856417338 0.8125 0
1677856417361 0.59375 0
1677856417389 0.65625 0
1677856417418 0.5625 0
1677856417441 0.59375 0
1677856417469 0.6875 0
1677856417498 0.59375 0
1677856417528 0.625 0
1677856417557 0.65625 0
1677856417587 0.5625 0
1677856417617 0.71875 0
1677856417645 0.625 0
1677856417670 0.5625 0
1677856417694 0.71875 0
1677856417717 0.65625 0
1677856417743 0.65625 0
1677856417920 0.53125 0
1677856417952 0.59375 0
1677856417982 0.71875 0
1677856418011 0.71875 0
1677856418041 0.5 0
1677856418071 0.65625 0
1677856418100 0.65625 0
1677856418130 0.59375 0
1677856418159 0.6875 0
1677856418190 0.53125 0
1677856418219 0.5625 0
1677856418249 0.75 0
1677856418278 0.65625 0
1677856418308 0.71875 0
1677856418337 0.75 0
1677856418367 0.53125 0
1677856418396 0.59375 0
1677856418426 0.65625 0
1677856418456 0.65625 0
1677856418485 0.65625 0
1677856418515 0.84375 0
1677856418544 0.65625 0
1677856418573 0.625 0
1677856418603 0.625 0
1677856418632 0.75 0
1677856418661 0.75 0
1677856418691 0.5625 0
1677856418718 0.59375 0
1677856418742 0.59375 0
1677856418770 0.6875 0
1677856418800 0.75 0
1677856418924 0.625 0
1677856418959 0.75 0
1677856418988 0.5 0
1677856419018 0.53125 0
1677856419047 0.59375 0
1677856419076 0.78125 0
1677856419106 0.4375 0
1677856419135 0.6875 0
1677856419164 0.71875 0
1677856419194 0.75 0
1677856419223 0.65625 0
1677856419252 0.6875 0
1677856419282 0.71875 0
1677856419311 0.6875 0
1677856419340 0.5625 0
1677856419370 0.75 0
1677856419399 0.5 0
1677856419429 0.8125 0
1677856419458 0.6875 0
1677856419488 0.625 0
1677856419517 0.6875 0
1677856419546 0.84375 0
1677856419576 0.71875 0
1677856419605 0.5625 0
1677856419634 0.625 0
1677856419670 0.53125 0
1677856419701 0.625 0
1677856419731 0.25 0
1677856419939 0.6508 0
1677856421208 0.71875 0
1677856421245 0.5625 0
1677856421305 0.59375 0
1677856421341 0.75 0
1677856421387 0.65625 0
1677856421424 0.78125 0
1677856421469 0.59375 0
1677856421506 0.8125 0
1677856421544 0.5625 0
1677856421583 0.71875 0
1677856421625 0.75 0
1677856421660 0.65625 0
1677856421704 0.71875 0
1677856421744 0.75 0
1677856421783 0.71875 0
1677856421815 0.6875 0
1677856421854 0.65625 0
1677856421885 0.65625 0
1677856421919 0.625 0
1677856421957 0.71875 0
1677856421994 0.59375 0
1677856422046 0.75 0
1677856422082 0.5 0
1677856422119 0.625 0
1677856422155 0.5625 0
1677856422193 0.625 0
1677856422231 0.78125 0
1677856422417 0.625 0
1677856422457 0.65625 0
1677856422487 0.46875 0
1677856422517 0.6875 0
1677856422547 0.6875 0
1677856422580 0.78125 0
1677856422612 0.6875 0
1677856422645 0.84375 0
1677856422677 0.71875 0
1677856422709 0.71875 0
1677856422741 0.65625 0
1677856422774 0.71875 0
1677856422806 0.71875 0
1677856422838 0.71875 0
1677856422870 0.65625 0
1677856422902 0.71875 0
1677856422934 0.5 0
1677856422966 0.53125 0
1677856422999 0.6875 0
1677856423044 0.5625 0
1677856423071 0.71875 0
1677856423096 0.5 0
1677856423122 0.78125 0
1677856423145 0.625 0
1677856423174 0.78125 0
1677856423204 0.65625 0
1677856423234 0.6875 0
1677856423264 0.65625 0
1677856423293 0.78125 0
1677856423324 0.6875 0
1677856423355 0.625 0
1677856423484 0.65625 0
1677856423517 0.65625 0
1677856423550 0.71875 0
1677856423582 0.59375 0
1677856423614 0.65625 0
1677856423646 0.625 0
1677856423675 0.6875 0
1677856423704 0.65625 0
1677856423734 0.75 0
1677856423766 0.625 0
1677856423797 0.6875 0
1677856423827 0.75 0
1677856423857 0.65625 0
1677856423887 0.65625 0
1677856423917 0.6875 0
1677856423946 0.78125 0
1677856423976 0.71875 0
1677856424006 0.71875 0
1677856424037 0.6875 0
1677856424075 0.6875 0
1677856424103 0.5 0
1677856424299 0.6744 0
1677856425552 0.59375 0
1677856425597 0.65625 0
1677856425638 0.65625 0
1677856425678 0.8125 0
1677856425716 0.6875 0
1677856425759 0.65625 0
1677856425797 0.65625 0
1677856425831 0.625 0
1677856425861 0.6875 0
1677856425892 0.65625 0
1677856425922 0.78125 0
1677856425952 0.5 0
1677856425982 0.78125 0
1677856426013 0.6875 0
1677856426043 0.5625 0
1677856426073 0.5625 0
1677856426103 0.75 0
1677856426133 0.625 0
1677856426163 0.6875 0
1677856426194 0.625 0
1677856426224 0.71875 0
1677856426254 0.8125 0
1677856426284 0.625 0
1677856426314 0.625 0
1677856426345 0.78125 0
1677856426375 0.71875 0
1677856426405 0.8125 0
1677856426435 0.625 0
1677856426466 0.6875 0
1677856426496 0.625 0
1677856426527 0.5625 0
1677856426557 0.75 0
1677856426587 0.9375 0
1677856426617 0.59375 0
1677856426648 0.71875 0
1677856426809 0.75 0
1677856426840 0.6875 0
1677856426871 0.6875 0
1677856426901 0.78125 0
1677856426932 0.78125 0
1677856426961 0.53125 0
1677856426991 0.78125 0
1677856427021 0.625 0
1677856427052 0.71875 0
1677856427082 0.625 0
1677856427112 0.875 0
1677856427142 0.65625 0
1677856427172 0.78125 0
1677856427202 0.6875 0
1677856427232 0.84375 0
1677856427262 0.6875 0
1677856427293 0.75 0
1677856427323 0.4375 0
1677856427353 0.625 0
1677856427383 0.625 0
1677856427413 0.65625 0
1677856427443 0.75 0
1677856427473 0.625 0
1677856427503 0.53125 0
1677856427533 0.625 0
1677856427563 0.65625 0
1677856427593 0.71875 0
1677856427623 0.5625 0
1677856427653 0.75 0
1677856427684 0.6875 0
1677856427714 0.71875 0
1677856427744 0.65625 0
1677856427774 0.71875 0
1677856427804 0.625 0
1677856427836 0.625 0
1677856427868 0.5625 0
1677856427993 0.6875 0
1677856428025 0.8125 0
1677856428056 0.71875 0
1677856428086 0.65625 0
1677856428116 0.75 0
1677856428146 0.65625 0
1677856428176 0.71875 0
1677856428205 0.75 0
1677856428404 0.6828 0
1677856429653 0.75 0
1677856429684 0.625 0
1677856429730 0.59375 0
1677856429757 0.65625 0
1677856429782 0.8125 0
1677856429811 0.65625 0
1677856429841 0.6875 0
1677856429872 0.46875 0
1677856429905 0.71875 0
1677856429936 0.6875 0
1677856429966 0.625 0
1677856429996 0.59375 0
1677856430027 0.625 0
1677856430057 0.5625 0
1677856430088 0.59375 0
1677856430118 0.84375 0
1677856430149 0.78125 0
1677856430179 0.5625 0
1677856430209 0.78125 0
1677856430239 0.71875 0
1677856430270 0.6875 0
1677856430300 0.625 0
1677856430331 0.65625 0
1677856430363 0.8125 0
1677856430395 0.71875 0
1677856430428 0.6875 0
1677856430460 0.625 0
1677856430493 0.625 0
1677856430526 0.78125 0
1677856430559 0.75 0
1677856430590 0.59375 0
1677856430622 0.71875 0
1677856430652 0.625 0
1677856430683 0.6875 0
1677856430713 0.75 0
1677856430743 0.6875 0
1677856430774 0.6875 0
1677856430804 0.53125 0
1677856430835 0.59375 0
1677856430865 0.625 0
1677856430895 0.625 0
1677856430925 0.59375 0
1677856430956 0.75 0
1677856430986 0.75 0
1677856431016 0.65625 0
1677856431046 0.71875 0
1677856431076 0.65625 0
1677856431106 0.84375 0
1677856431137 0.71875 0
1677856431167 0.75 0
1677856431198 0.75 0
1677856431228 0.46875 0
1677856431258 0.75 0
1677856431291 0.65625 0
1677856431323 0.8125 0
1677856431511 0.625 0
1677856431546 0.71875 0
1677856431579 0.71875 0
1677856431612 0.75 0
1677856431645 0.625 0
1677856431676 0.65625 0
1677856431707 0.71875 0
1677856431738 0.75 0
1677856431768 0.8125 0
1677856431799 0.5625 0
1677856431829 0.6875 0
1677856431860 0.65625 0
1677856431891 0.5 0
1677856431923 0.625 0
1677856431956 0.625 0
1677856431987 0.78125 0
1677856432017 0.78125 0
1677856432048 0.84375 0
1677856432079 0.65625 0
1677856432109 0.8125 0
1677856432140 0.625 0
1677856432172 0.625 0
1677856432203 0.65625 0
1677856432232 0.75 0
1677856432438 0.6812 0
1677856433687 0.6875 0
1677856433730 0.75 0
1677856433762 0.6875 0
1677856433793 0.59375 0
1677856433824 0.6875 0
1677856433856 0.625 0
1677856433886 0.71875 0
1677856433918 0.6875 0
1677856433954 0.6875 0
1677856433989 0.8125 0
1677856434021 0.5625 0
1677856434052 0.71875 0
1677856434084 0.625 0
1677856434112 0.71875 0
1677856434140 0.75 0
1677856434167 0.625 0
1677856434192 0.8125 0
1677856434218 0.71875 0
1677856434248 0.75 0
1677856434279 0.75 0
1677856434323 0.8125 0
1677856434355 0.75 0
1677856434535 0.625 0
1677856434568 0.46875 0
1677856434599 0.6875 0
1677856434631 0.78125 0
1677856434662 0.65625 0
1677856434693 0.65625 0
1677856434724 0.53125 0
1677856434755 0.625 0
1677856434786 0.78125 0
1677856434817 0.625 0
1677856434848 0.78125 0
1677856434879 0.6875 0
1677856434910 0.71875 0
1677856434941 0.78125 0
1677856434972 0.625 0
1677856435003 0.46875 0
1677856435035 0.78125 0
1677856435065 0.59375 0
1677856435096 0.59375 0
1677856435127 0.75 0
1677856435158 0.4375 0
1677856435189 0.59375 0
1677856435221 0.8125 0
1677856435255 0.65625 0
1677856435289 0.65625 0
1677856435326 0.65625 0
1677856435364 0.71875 0
1677856435402 0.625 0
1677856435439 0.78125 0
1677856435478 0.65625 0
1677856435516 0.65625 0
1677856435554 0.78125 0
1677856435588 0.65625 0
1677856435624 0.65625 0
1677856435658 0.75 0
1677856435691 0.78125 0
1677856435724 0.71875 0
1677856435853 0.75 0
1677856435888 0.5625 0
1677856435922 0.78125 0
1677856435955 0.78125 0
1677856435988 0.75 0
1677856436024 0.71875 0
1677856436057 0.8125 0
1677856436088 0.75 0
1677856436119 0.59375 0
1677856436150 0.75 0
1677856436180 0.59375 0
1677856436212 0.53125 0
1677856436243 0.75 0
1677856436274 0.6875 0
1677856436304 0.6875 0
1677856436335 0.65625 0
1677856436366 0.6875 0
1677856436398 0.59375 0
1677856436429 0.8125 0
1677856436458 0.5 0
1677856436670 0.6868 0
1677856437904 0.6875 0
1677856437937 0.65625 0
1677856437985 0.71875 0
1677856438014 0.8125 0
1677856438039 0.53125 0
1677856438068 0.71875 0
1677856438093 0.59375 0
1677856438119 0.65625 0
1677856438143 0.71875 0
1677856438169 0.71875 0
1677856438193 0.8125 0
1677856438222 0.5625 0
1677856438254 0.6875 0
1677856438287 0.75 0
1677856438319 0.65625 0
1677856438352 0.6875 0
1677856438384 0.625 0
1677856438570 0.71875 0
1677856438608 0.6875 0
1677856438635 0.6875 0
1677856438661 0.71875 0
1677856438689 0.78125 0
1677856438717 0.75 0
1677856438746 0.75 0
1677856438770 0.65625 0
1677856438798 0.875 0
1677856438823 0.6875 0
1677856438849 0.5625 0
1677856438874 0.6875 0
1677856438900 0.65625 0
1677856438925 0.65625 0
1677856438951 0.71875 0
1677856438979 0.75 0
1677856439004 0.65625 0
1677856439032 0.90625 0
1677856439060 0.75 0
1677856439090 0.625 0
1677856439118 0.78125 0
1677856439143 0.65625 0
1677856439169 0.65625 0
1677856439193 0.625 0
1677856439219 0.71875 0
1677856439245 0.65625 0
1677856439271 0.78125 0
1677856439295 0.71875 0
1677856439321 0.625 0
1677856439345 0.71875 0
1677856439369 0.6875 0
1677856439395 0.71875 0
1677856439421 0.75 0
1677856439446 0.84375 0
1677856439472 0.6875 0
1677856439496 0.6875 0
1677856439521 0.625 0
1677856439547 0.625 0
1677856439573 0.65625 0
1677856439674 0.6875 0
1677856439700 0.6875 0
1677856439726 0.65625 0
1677856439750 0.75 0
1677856439776 0.625 0
1677856439800 0.75 0
1677856439826 0.625 0
1677856439850 0.6875 0
1677856439876 0.84375 0
1677856439900 0.625 0
1677856439926 0.6875 0
1677856439950 0.53125 0
1677856439975 0.71875 0
1677856440002 0.5625 0
1677856440028 0.6875 0
1677856440052 0.625 0
1677856440076 0.65625 0
1677856440103 0.71875 0
1677856440131 0.75 0
1677856440156 0.78125 0
1677856440182 0.53125 0
1677856440207 0.6875 0
1677856440230 0.25 0
1677856440423 0.6912 0
1677856441678 0.6875 0
1677856441722 0.6875 0
1677856441756 0.6875 0
1677856441790 0.65625 0
1677856441825 0.71875 0
1677856441859 0.6875 0
1677856441893 0.5625 0
1677856441927 0.65625 0
1677856441954 0.71875 0
1677856441984 0.6875 0
1677856442015 0.625 0
1677856442047 0.65625 0
1677856442230 0.625 0
1677856442264 0.75 0
1677856442296 0.8125 0
1677856442328 0.65625 0
1677856442360 0.625 0
1677856442392 0.75 0
1677856442423 0.65625 0
1677856442455 0.75 0
1677856442487 0.8125 0
1677856442519 0.53125 0
1677856442551 0.65625 0
1677856442582 0.6875 0
1677856442614 0.8125 0
1677856442645 0.65625 0
1677856442677 0.78125 0
1677856442709 0.75 0
1677856442741 0.59375 0
1677856442773 0.65625 0
1677856442804 0.75 0
1677856442836 0.78125 0
1677856442868 0.625 0
1677856442900 0.75 0
1677856442932 0.78125 0
1677856442964 0.625 0
1677856442996 0.78125 0
1677856443027 0.8125 0
1677856443059 0.71875 0
1677856443091 0.75 0
1677856443122 0.6875 0
1677856443154 0.71875 0
1677856443186 0.59375 0
1677856443217 0.59375 0
1677856443249 0.875 0
1677856443280 0.6875 0
1677856443312 0.625 0
1677856443343 0.84375 0
1677856443375 0.6875 0
1677856443406 0.71875 0
1677856443438 0.59375 0
1677856443561 0.84375 0
1677856443595 0.625 0
1677856443626 0.6875 0
1677856443659 0.84375 0
1677856443691 0.8125 0
1677856443722 0.71875 0
1677856443754 0.625 0
1677856443785 0.625 0
1677856443817 0.71875 0
1677856443849 0.75 0
1677856443881 0.75 0
1677856443909 0.59375 0
1677856443934 0.75 0
1677856443960 0.8125 0
1677856443985 0.5625 0
1677856444010 0.59375 0
1677856444036 0.75 0
1677856444061 0.78125 0
1677856444086 0.625 0
1677856444112 0.71875 0
1677856444142 0.65625 0
1677856444175 0.78125 0
1677856444208 0.65625 0
1677856444240 0.75 0
1677856444271 0.6875 0
1677856444303 0.75 0
1677856444335 0.78125 0
1677856444365 0.25 0
1677856444584 0.7024 0
1677856445821 0.8125 0
1677856445865 0.71875 0
1677856445899 0.75 0
1677856445931 0.78125 0
1677856445963 0.6875 0
1677856445995 0.625 0
1677856446181 0.78125 0
1677856446219 0.6875 0
1677856446255 0.59375 0
1677856446292 0.84375 0
1677856446327 0.625 0
1677856446362 0.78125 0
1677856446396 0.6875 0
1677856446431 0.8125 0
1677856446465 0.75 0
1677856446500 0.75 0
1677856446532 0.59375 0
1677856446564 0.71875 0
1677856446596 0.75 0
1677856446628 0.59375 0
1677856446660 0.6875 0
1677856446692 0.6875 0
1677856446724 0.6875 0
1677856446756 0.59375 0
1677856446788 0.78125 0
1677856446820 0.6875 0
1677856446852 0.6875 0
1677856446884 0.46875 0
1677856446916 0.65625 0
1677856446950 0.65625 0
1677856446985 0.71875 0
1677856447020 0.78125 0
1677856447057 0.65625 0
1677856447092 0.625 0
1677856447127 0.71875 0
1677856447162 0.78125 0
1677856447197 0.71875 0
1677856447231 0.6875 0
1677856447266 0.625 0
1677856447296 0.8125 0
1677856447322 0.65625 0
1677856447353 0.8125 0
1677856447384 0.78125 0
1677856447416 0.90625 0
1677856447540 0.625 0
1677856447573 0.71875 0
1677856447605 0.625 0
1677856447637 0.65625 0
1677856447669 0.6875 0
1677856447700 0.625 0
1677856447732 0.78125 0
1677856447764 0.6875 0
1677856447795 0.75 0
1677856447828 0.6875 0
1677856447859 0.75 0
1677856447891 0.6875 0
1677856447923 0.71875 0
1677856447957 0.71875 0
1677856447992 0.71875 0
1677856448026 0.59375 0
1677856448061 0.71875 0
1677856448094 0.65625 0
1677856448128 0.625 0
1677856448163 0.65625 0
1677856448198 0.65625 0
1677856448232 0.75 0
1677856448269 0.78125 0
1677856448305 0.8125 0
1677856448340 0.6875 0
1677856448375 0.8125 0
1677856448410 0.75 0
1677856448444 0.625 0
1677856448479 0.65625 0
1677856448514 0.53125 0
1677856448548 0.71875 0
1677856448582 0.75 0
1677856448619 0.65625 0
1677856448654 0.6875 0
1677856448687 0.5 0
1677856448919 0.702 0
1677856450150 0.78125 0
1677856450344 0.71875 0
1677856450380 0.78125 0
1677856450411 0.6875 0
1677856450446 0.71875 0
1677856450479 0.75 0
1677856450513 0.71875 0
1677856450545 0.71875 0
1677856450577 0.8125 0
1677856450610 0.59375 0
1677856450642 0.71875 0
1677856450674 0.78125 0
1677856450706 0.65625 0
1677856450738 0.78125 0
1677856450771 0.65625 0
1677856450803 0.78125 0
1677856450835 0.625 0
1677856450867 0.71875 0
1677856450898 0.84375 0
1677856450931 0.625 0
1677856450963 0.71875 0
1677856450995 0.625 0
1677856451028 0.8125 0
1677856451060 0.625 0
1677856451093 0.71875 0
1677856451125 0.84375 0
1677856451157 0.75 0
1677856451190 0.625 0
1677856451223 0.75 0
1677856451256 0.75 0
1677856451288 0.6875 0
1677856451321 0.71875 0
1677856451353 0.71875 0
1677856451386 0.78125 0
1677856451418 0.8125 0
1677856451451 0.8125 0
1677856451484 0.71875 0
1677856451611 0.71875 0
1677856451645 0.59375 0
1677856451677 0.71875 0
1677856451710 0.78125 0
1677856451742 0.5625 0
1677856451774 0.875 0
1677856451806 0.53125 0
1677856451839 0.875 0
1677856451871 0.5625 0
1677856451903 0.75 0
1677856451935 0.53125 0
1677856451968 0.6875 0
1677856452001 0.71875 0
1677856452033 0.71875 0
1677856452065 0.78125 0
1677856452097 0.59375 0
1677856452130 0.65625 0
1677856452162 0.6875 0
1677856452194 0.59375 0
1677856452227 0.59375 0
1677856452259 0.625 0
1677856452291 0.71875 0
1677856452324 0.625 0
1677856452359 0.71875 0
1677856452392 0.625 0
1677856452425 0.625 0
1677856452457 0.6875 0
1677856452489 0.71875 0
1677856452616 0.71875 0
1677856452650 0.5625 0
1677856452682 0.71875 0
1677856452715 0.78125 0
1677856452747 0.84375 0
1677856452780 0.71875 0
1677856452813 0.71875 0
1677856452845 0.78125 0
1677856452878 0.6875 0
1677856452910 0.71875 0
1677856452943 0.75 0
1677856452975 0.8125 0
1677856453008 0.625 0
1677856453038 1.0 0
1677856453218 0.7088 0
1677856454481 0.59375 0
1677856454529 0.625 0
1677856454557 0.625 0
1677856454586 0.75 0
1677856454614 0.75 0
1677856454641 0.78125 0
1677856454668 0.65625 0
1677856454695 0.78125 0
1677856454722 0.65625 0
1677856454754 0.625 0
1677856454806 0.75 0
1677856454956 0.65625 0
1677856454983 0.6875 0
1677856455011 0.59375 0
1677856455042 0.75 0
1677856455075 0.84375 0
1677856455109 0.8125 0
1677856455143 0.65625 0
1677856455179 0.71875 0
1677856455214 0.6875 0
1677856455249 0.75 0
1677856455284 0.65625 0
1677856455319 0.75 0
1677856455357 0.84375 0
1677856455390 0.71875 0
1677856455424 0.6875 0
1677856455457 0.8125 0
1677856455492 0.78125 0
1677856455532 0.53125 0
1677856455573 0.75 0
1677856455606 0.6875 0
1677856455639 0.71875 0
1677856455672 0.75 0
1677856455706 0.625 0
1677856455739 0.71875 0
1677856455776 0.8125 0
1677856455809 0.78125 0
1677856455843 0.8125 0
1677856455969 0.625 0
1677856455996 0.71875 0
1677856456023 0.625 0
1677856456052 0.6875 0
1677856456078 0.75 0
1677856456104 0.53125 0
1677856456132 0.8125 0
1677856456156 0.78125 0
1677856456184 0.6875 0
1677856456217 0.65625 0
1677856456254 0.65625 0
1677856456292 0.78125 0
1677856456330 0.65625 0
1677856456365 0.65625 0
1677856456399 0.71875 0
1677856456433 0.6875 0
1677856456471 0.6875 0
1677856456506 0.59375 0
1677856456543 0.71875 0
1677856456582 0.78125 0
1677856456621 0.75 0
1677856456656 0.6875 0
1677856456691 0.65625 0
1677856456821 0.84375 0
1677856456857 0.75 0
1677856456892 0.8125 0
1677856456928 0.59375 0
1677856456962 0.84375 0
1677856456996 0.5 0
1677856457031 0.84375 0
1677856457066 0.625 0
1677856457104 0.6875 0
1677856457142 0.6875 0
1677856457179 0.65625 0
1677856457218 0.78125 0
1677856457256 0.78125 0
1677856457290 0.75 0
1677856457325 0.71875 0
1677856457361 0.71875 0
1677856457396 0.8125 0
1677856457434 0.75 0
1677856457630 0.7116 0
1677856458912 0.71875 0
1677856458940 0.78125 0
1677856458974 0.75 0
1677856459022 0.75 0
1677856459052 0.78125 0
1677856459093 0.6875 0
1677856459132 0.625 0
1677856459170 0.71875 0
1677856459208 0.65625 0
1677856459247 0.78125 0
1677856459287 0.78125 0
1677856459326 0.5625 0
1677856459364 0.75 0
1677856459403 0.75 0
1677856459602 0.71875 0
1677856459636 0.65625 0
1677856459670 0.65625 0
1677856459710 0.71875 0
1677856459749 0.53125 0
1677856459786 0.8125 0
1677856459819 0.6875 0
1677856459847 0.71875 0
1677856459873 0.71875 0
1677856459929 0.65625 0
1677856459962 0.8125 0
1677856459996 0.65625 0
1677856460031 0.59375 0
1677856460066 0.78125 0
1677856460099 0.8125 0
1677856460133 0.71875 0
1677856460167 0.625 0
1677856460200 0.78125 0
1677856460233 0.59375 0
1677856460267 0.71875 0
1677856460300 0.59375 0
1677856460334 0.8125 0
1677856460367 0.71875 0
1677856460494 0.75 0
1677856460530 0.59375 0
1677856460565 0.71875 0
1677856460600 0.6875 0
1677856460633 0.59375 0
1677856460666 0.71875 0
1677856460700 0.75 0
1677856460733 0.78125 0
1677856460766 0.84375 0
1677856460799 0.78125 0
1677856460832 0.6875 0
1677856460865 0.6875 0
1677856460898 0.65625 0
1677856460931 0.875 0
1677856460964 0.65625 0
1677856460997 0.875 0
1677856461031 0.75 0
1677856461064 0.78125 0
1677856461098 0.71875 0
1677856461131 0.78125 0
1677856461164 0.65625 0
1677856461197 0.65625 0
1677856461230 0.625 0
1677856461263 0.625 0
1677856461297 0.6875 0
1677856461330 0.78125 0
1677856461363 0.75 0
1677856461396 0.625 0
1677856461429 0.75 0
1677856461462 0.75 0
1677856461496 0.71875 0
1677856461529 0.84375 0
1677856461562 0.8125 0
1677856461595 0.5625 0
1677856461628 0.78125 0
1677856461662 0.6875 0
1677856461695 0.59375 0
1677856461728 0.6875 0
1677856461763 0.84375 0
1677856461799 0.71875 0
1677856461834 0.5625 0
1677856461867 0.75 0
1677856462073 0.7128 0
1677856463497 0.46875 0
1677856463529 0.59375 0
1677856463559 0.75 0
1677856463587 0.8125 0
1677856463621 0.625 0
1677856463648 0.75 0
1677856463676 0.65625 0
1677856463701 0.8125 0
1677856463731 0.6875 0
1677856463760 0.84375 0
1677856463788 0.75 0
1677856463815 0.59375 0
1677856463847 0.75 0
1677856463881 0.75 0
1677856463914 0.75 0
1677856463947 0.90625 0
1677856463981 0.78125 0
1677856464014 0.625 0
1677856464048 0.6875 0
1677856464082 0.6875 0
1677856464116 0.6875 0
1677856464149 0.6875 0
1677856464183 0.6875 0
1677856464216 0.625 0
1677856464250 0.71875 0
1677856464283 0.5 0
1677856464317 0.8125 0
1677856464442 0.6875 0
1677856464478 0.75 0
1677856464513 0.65625 0
1677856464548 0.71875 0
1677856464581 0.75 0
1677856464615 0.78125 0
1677856464649 0.65625 0
1677856464685 0.78125 0
1677856464719 0.59375 0
1677856464752 0.78125 0
1677856464786 0.6875 0
1677856464820 0.75 0
1677856464853 0.5625 0
1677856464886 0.8125 0
1677856464920 0.71875 0
1677856464953 0.71875 0
1677856464986 0.84375 0
1677856465040 0.78125 0
1677856465073 0.71875 0
1677856465107 0.78125 0
1677856465140 0.59375 0
1677856465173 0.78125 0
1677856465207 0.75 0
1677856465240 0.78125 0
1677856465366 0.625 0
1677856465400 0.6875 0
1677856465434 0.78125 0
1677856465467 0.65625 0
1677856465500 0.8125 0
1677856465533 0.65625 0
1677856465567 0.625 0
1677856465600 0.78125 0
1677856465633 0.78125 0
1677856465666 0.84375 0
1677856465699 0.65625 0
1677856465732 0.625 0
1677856465765 0.59375 0
1677856465798 0.625 0
1677856465831 0.75 0
1677856465865 0.65625 0
1677856465898 0.5625 0
1677856465931 0.71875 0
1677856465964 0.71875 0
1677856465997 0.78125 0
1677856466030 0.65625 0
1677856466064 0.6875 0
1677856466097 0.65625 0
1677856466131 0.8125 0
1677856466164 0.875 0
1677856466197 0.625 0
1677856466230 0.8125 0
1677856466262 0.75 0
1677856466489 0.7116 0
1677856467760 0.6875 0
1677856467793 0.59375 0
1677856467822 0.84375 0
1677856467854 0.78125 0
1677856467891 0.75 0
1677856467928 0.71875 0
1677856467965 0.5625 0
1677856468006 0.59375 0
1677856468051 0.84375 0
1677856468226 0.84375 0
1677856468253 0.65625 0
1677856468279 0.75 0
1677856468308 0.78125 0
1677856468336 0.71875 0
1677856468362 0.78125 0
1677856468390 0.75 0
1677856468422 0.65625 0
1677856468455 0.6875 0
1677856468489 0.8125 0
1677856468523 0.71875 0
1677856468556 0.75 0
1677856468590 0.75 0
1677856468624 0.625 0
1677856468658 0.65625 0
1677856468692 0.71875 0
1677856468726 0.78125 0
1677856468760 0.65625 0
1677856468796 0.71875 0
1677856468830 0.5625 0
1677856468864 0.78125 0
1677856468898 0.875 0
1677856468932 0.75 0
1677856468965 0.78125 0
1677856468999 0.65625 0
1677856469033 0.625 0
1677856469067 0.625 0
1677856469192 0.6875 0
1677856469228 0.6875 0
1677856469262 0.75 0
1677856469296 0.6875 0
1677856469329 0.65625 0
1677856469363 0.90625 0
1677856469397 0.75 0
1677856469431 0.65625 0
1677856469464 0.65625 0
1677856469498 0.8125 0
1677856469531 0.75 0
1677856469565 0.78125 0
1677856469598 0.8125 0
1677856469632 0.625 0
1677856469665 0.6875 0
1677856469699 0.75 0
1677856469733 0.90625 0
1677856469767 0.75 0
1677856469800 0.71875 0
1677856469834 0.625 0
1677856469867 0.8125 0
1677856469901 0.65625 0
1677856469935 0.71875 0
1677856469975 0.875 0
1677856470001 0.78125 0
1677856470033 0.5625 0
1677856470067 0.78125 0
1677856470101 0.8125 0
1677856470239 0.8125 0
1677856470275 0.75 0
1677856470309 0.78125 0
1677856470342 0.65625 0
1677856470376 0.71875 0
1677856470410 0.59375 0
1677856470439 0.59375 0
1677856470466 0.78125 0
1677856470499 0.78125 0
1677856470532 0.78125 0
1677856470566 0.84375 0
1677856470600 0.6875 0
1677856470633 0.78125 0
1677856470667 0.84375 0
1677856470699 1.0 0
1677856470908 0.73 0
1677856472169 0.59375 0
1677856472207 0.65625 0
1677856472251 0.75 0
1677856472285 0.75 0
1677856472320 0.78125 0
1677856472354 0.6875 0
1677856472388 0.53125 0
1677856472569 0.78125 0
1677856472604 0.71875 0
1677856472638 0.71875 0
1677856472673 0.71875 0
1677856472707 0.71875 0
1677856472741 0.6875 0
1677856472775 0.59375 0
1677856472810 0.65625 0
1677856472844 0.6875 0
1677856472880 0.8125 0
1677856472916 0.75 0
1677856472950 0.65625 0
1677856472984 0.53125 0
1677856473018 0.5625 0
1677856473052 0.71875 0
1677856473087 0.75 0
1677856473121 0.8125 0
1677856473155 0.59375 0
1677856473189 0.71875 0
1677856473223 0.84375 0
1677856473257 0.78125 0
1677856473291 0.6875 0
1677856473325 0.6875 0
1677856473359 0.625 0
1677856473393 0.8125 0
1677856473427 0.75 0
1677856473462 0.625 0
1677856473496 0.78125 0
1677856473530 0.71875 0
1677856473656 0.71875 0
1677856473692 0.8125 0
1677856473726 0.71875 0
1677856473760 0.75 0
1677856473794 0.65625 0
1677856473828 0.59375 0
1677856473862 0.75 0
1677856473896 0.71875 0
1677856473930 0.71875 0
1677856473964 0.75 0
1677856473998 0.71875 0
1677856474032 0.6875 0
1677856474066 0.8125 0
1677856474100 0.90625 0
1677856474134 0.75 0
1677856474168 0.71875 0
1677856474202 0.625 0
1677856474236 0.65625 0
1677856474270 0.78125 0
1677856474305 0.8125 0
1677856474339 0.75 0
1677856474374 0.71875 0
1677856474408 0.53125 0
1677856474442 0.78125 0
1677856474476 0.625 0
1677856474603 0.71875 0
1677856474638 0.71875 0
1677856474673 0.5625 0
1677856474707 0.65625 0
1677856474741 0.78125 0
1677856474775 0.75 0
1677856474809 0.75 0
1677856474843 0.8125 0
1677856474877 0.8125 0
1677856474912 0.75 0
1677856474948 0.65625 0
1677856474983 0.78125 0
1677856475017 0.65625 0
1677856475051 0.75 0
1677856475085 0.84375 0
1677856475120 0.75 0
1677856475155 0.9375 0
1677856475187 0.5 0
1677856475368 0.7176 0
1677856476639 0.75 0
1677856476826 0.71875 0
1677856476869 0.75 0
1677856476911 0.78125 0
1677856476961 0.78125 0
1677856476994 0.5 0
1677856477022 0.75 0
1677856477056 0.6875 0
1677856477090 0.78125 0
1677856477125 0.75 0
1677856477159 0.78125 0
1677856477193 0.75 0
1677856477228 0.78125 0
1677856477262 0.78125 0
1677856477296 0.65625 0
1677856477331 0.5625 0
1677856477365 0.84375 0
1677856477400 0.78125 0
1677856477434 0.90625 0
1677856477469 0.59375 0
1677856477503 0.65625 0
1677856477537 0.84375 0
1677856477571 0.6875 0
1677856477606 0.6875 0
1677856477640 0.6875 0
1677856477769 0.8125 0
1677856477805 0.65625 0
1677856477840 0.65625 0
1677856477874 0.84375 0
1677856477909 0.6875 0
1677856477943 0.71875 0
1677856477978 0.75 0
1677856478007 0.65625 0
1677856478035 0.71875 0
1677856478061 0.65625 0
1677856478089 0.8125 0
1677856478125 0.65625 0
1677856478159 0.8125 0
1677856478194 0.6875 0
1677856478228 0.5625 0
1677856478263 0.84375 0
1677856478297 0.65625 0
1677856478331 0.71875 0
1677856478366 0.6875 0
1677856478400 0.71875 0
1677856478434 0.65625 0
1677856478564 0.53125 0
1677856478600 0.71875 0
1677856478634 0.75 0
1677856478669 0.78125 0
1677856478703 0.875 0
1677856478737 0.78125 0
1677856478768 0.71875 0
1677856478796 0.59375 0
1677856478829 0.65625 0
1677856478863 0.71875 0
1677856478898 0.78125 0
1677856478932 0.78125 0
1677856478966 0.6875 0
1677856479001 0.71875 0
1677856479037 0.71875 0
1677856479072 0.78125 0
1677856479106 0.6875 0
1677856479141 0.65625 0
1677856479175 0.8125 0
1677856479209 0.6875 0
1677856479243 0.5625 0
1677856479278 0.625 0
1677856479313 0.78125 0
1677856479347 0.625 0
1677856479381 0.8125 0
1677856479415 0.9375 0
1677856479450 0.78125 0
1677856479484 0.71875 0
1677856479518 0.65625 0
1677856479644 0.6875 0
1677856479680 0.78125 0
1677856479715 0.6875 0
1677856479747 0.75 0
1677856479948 0.722 0
1677856481208 0.65625 0
1677856481256 0.75 0
1677856481287 0.875 0
1677856481321 0.5 0
1677856481360 0.6875 0
1677856481393 0.75 0
1677856481428 0.65625 0
1677856481463 0.84375 0
1677856481498 0.6875 0
1677856481532 0.65625 0
1677856481567 0.8125 0
1677856481602 0.78125 0
1677856481637 0.75 0
1677856481675 0.78125 0
1677856481712 0.84375 0
1677856481750 0.65625 0
1677856481944 0.78125 0
1677856481973 0.625 0
1677856482007 0.65625 0
1677856482043 0.875 0
1677856482078 0.75 0
1677856482112 0.8125 0
1677856482147 0.78125 0
1677856482182 0.6875 0
1677856482216 0.625 0
1677856482251 0.59375 0
1677856482286 0.8125 0
1677856482320 0.71875 0
1677856482355 0.75 0
1677856482390 0.6875 0
1677856482424 0.75 0
1677856482459 0.625 0
1677856482494 0.78125 0
1677856482529 0.65625 0
1677856482563 0.6875 0
1677856482598 0.5625 0
1677856482633 0.78125 0
1677856482668 0.65625 0
1677856482703 0.71875 0
1677856482738 0.5625 0
1677856482773 0.71875 0
1677856482807 0.71875 0
1677856482842 0.625 0
1677856482876 0.90625 0
1677856482911 0.75 0
1677856483037 0.78125 0
1677856483073 0.90625 0
1677856483110 0.75 0
1677856483147 0.6875 0
1677856483181 0.625 0
1677856483216 0.65625 0
1677856483251 0.75 0
1677856483285 0.6875 0
1677856483320 0.6875 0
1677856483354 0.71875 0
1677856483389 0.75 0
1677856483424 0.78125 0
1677856483459 0.65625 0
1677856483494 0.71875 0
1677856483529 0.78125 0
1677856483563 0.6875 0
1677856483598 0.5625 0
1677856483632 0.75 0
1677856483667 0.84375 0
1677856483702 0.71875 0
1677856483737 0.6875 0
1677856483771 0.625 0
1677856483806 0.78125 0
1677856483840 0.625 0
1677856483875 0.75 0
1677856484001 0.625 0
1677856484038 0.6875 0
1677856484072 0.5625 0
1677856484107 0.65625 0
1677856484142 0.75 0
1677856484177 0.6875 0
1677856484212 0.65625 0
1677856484247 0.75 0
1677856484280 0.25 0
1677856484469 0.7132 0
1677856485722 0.71875 0
1677856485764 0.75 0
1677856485800 0.75 0
1677856485836 0.9375 0
1677856485873 0.8125 0
1677856485909 0.65625 0
1677856485945 0.71875 0
1677856485982 0.625 0
1677856486017 0.75 0
1677856486201 0.75 0
1677856486238 0.71875 0
1677856486274 0.6875 0
1677856486309 0.6875 0
1677856486344 0.53125 0
1677856486379 0.6875 0
1677856486415 0.75 0
1677856486450 0.71875 0
1677856486485 0.875 0
1677856486521 0.71875 0
1677856486556 0.71875 0
1677856486593 0.5625 0
1677856486632 0.75 0
1677856486670 0.6875 0
1677856486709 0.71875 0
1677856486748 0.84375 0
1677856486793 0.78125 0
1677856486828 0.875 0
1677856486858 0.78125 0
1677856486887 0.78125 0
1677856486916 0.875 0
1677856486945 0.71875 0
1677856486979 0.78125 0
1677856487014 0.75 0
1677856487049 0.75 0
1677856487079 0.78125 0
1677856487108 0.75 0
1677856487145 0.8125 0
1677856487183 0.78125 0
1677856487223 0.84375 0
1677856487353 0.78125 0
1677856487390 0.71875 0
1677856487426 0.78125 0
1677856487461 0.78125 0
1677856487496 0.78125 0
1677856487531 0.6875 0
1677856487566 0.71875 0
1677856487601 0.75 0
1677856487637 0.71875 0
1677856487672 0.84375 0
1677856487707 0.625 0
1677856487742 0.53125 0
1677856487777 0.75 0
1677856487812 0.625 0
1677856487847 0.625 0
1677856487883 0.625 0
1677856487918 0.78125 0
1677856487953 0.8125 0
1677856487988 0.71875 0
1677856488024 0.65625 0
1677856488059 0.6875 0
1677856488094 0.78125 0
1677856488129 0.59375 0
1677856488164 0.78125 0
1677856488200 0.625 0
1677856488328 0.71875 0
1677856488365 0.75 0
1677856488401 0.78125 0
1677856488436 0.71875 0
1677856488471 0.8125 0
1677856488507 0.75 0
1677856488542 0.625 0
1677856488577 0.71875 0
1677856488612 0.71875 0
1677856488648 0.75 0
1677856488683 0.59375 0
1677856488718 0.6875 0
1677856488753 0.625 0
1677856488788 0.6875 0
1677856488822 0.5 0
1677856489049 0.7292 0
1677856490305 0.65625 0
1677856490339 0.8125 0
1677856490368 0.78125 0
1677856490396 0.5 0
1677856490430 0.75 0
1677856490613 0.6875 0
1677856490650 0.75 0
1677856490686 0.5625 0
1677856490722 0.75 0
1677856490758 0.84375 0
1677856490794 0.875 0
1677856490829 0.78125 0
1677856490865 0.78125 0
1677856490900 0.65625 0
1677856490935 0.78125 0
1677856490971 0.65625 0
1677856491006 0.65625 0
1677856491042 0.59375 0
1677856491078 0.59375 0
1677856491113 0.53125 0
1677856491149 0.84375 0
1677856491184 0.84375 0
1677856491220 0.75 0
1677856491255 0.625 0
1677856491291 0.75 0
1677856491421 0.90625 0
1677856491457 0.75 0
1677856491494 0.78125 0
1677856491533 0.75 0
1677856491571 0.6875 0
1677856491609 0.84375 0
1677856491647 0.65625 0
1677856491685 0.75 0
1677856491722 0.84375 0
1677856491751 0.71875 0
1677856491786 0.78125 0
1677856491823 0.6875 0
1677856491859 0.75 0
1677856491895 0.59375 0
1677856491930 0.65625 0
1677856491966 0.625 0
1677856491997 0.625 0
1677856492031 0.78125 0
1677856492067 0.6875 0
1677856492102 0.875 0
1677856492137 0.6875 0
1677856492265 0.75 0
1677856492303 0.71875 0
1677856492338 0.75 0
1677856492374 0.6875 0
1677856492409 0.625 0
1677856492445 0.78125 0
1677856492480 0.84375 0
1677856492516 0.84375 0
1677856492552 0.75 0
1677856492588 0.71875 0
1677856492623 0.65625 0
1677856492659 0.84375 0
1677856492695 0.875 0
1677856492730 0.65625 0
1677856492763 0.53125 0
1677856492792 0.84375 0
1677856492820 0.71875 0
1677856492848 0.6875 0
1677856492882 0.75 0
1677856492918 0.71875 0
1677856493024 0.6875 0
1677856493059 0.71875 0
1677856493101 0.6875 0
1677856493150 0.6875 0
1677856493186 0.84375 0
1677856493222 0.6875 0
1677856493257 0.875 0
1677856493293 0.75 0
1677856493329 0.8125 0
1677856493368 0.75 0
1677856493405 0.75 0
1677856493440 0.75 0
1677856493474 0.5 0
1677856493705 0.7304 0
1677856494950 0.53125 0
1677856494993 0.90625 0
1677856495035 0.75 0
1677856495070 0.75 0
1677856495106 0.625 0
1677856495143 0.71875 0
1677856495178 0.6875 0
1677856495214 0.71875 0
1677856495403 0.875 0
1677856495441 0.84375 0
1677856495477 0.71875 0
1677856495513 0.625 0
1677856495549 0.78125 0
1677856495584 0.625 0
1677856495621 0.71875 0
1677856495658 0.6875 0
1677856495694 0.84375 0
1677856495740 0.75 0
1677856495776 0.71875 0
1677856495812 0.90625 0
1677856495848 0.75 0
1677856495889 0.5625 0
1677856495928 0.8125 0
1677856495968 0.8125 0
1677856496007 0.6875 0
1677856496046 0.8125 0
1677856496085 0.65625 0
1677856496222 0.65625 0
1677856496262 0.75 0
1677856496302 0.625 0
1677856496341 0.71875 0
1677856496379 0.6875 0
1677856496419 0.8125 0
1677856496463 0.59375 0
1677856496507 0.71875 0
1677856496552 0.6875 0
1677856496596 0.65625 0
1677856496640 0.8125 0
1677856496685 0.71875 0
1677856496726 0.78125 0
1677856496767 0.75 0
1677856496807 0.84375 0
1677856496846 0.84375 0
1677856496885 0.71875 0
1677856496924 0.6875 0
1677856496963 0.78125 0
1677856496998 0.75 0
1677856497035 0.84375 0
1677856497071 0.625 0
1677856497201 0.59375 0
1677856497238 0.6875 0
1677856497275 0.75 0
1677856497311 0.78125 0
1677856497347 0.84375 0
1677856497383 0.65625 0
1677856497419 0.6875 0
1677856497458 0.75 0
1677856497496 0.90625 0
1677856497534 0.875 0
1677856497571 0.78125 0
1677856497607 0.8125 0
1677856497643 0.59375 0
1677856497679 0.6875 0
1677856497715 0.65625 0
1677856497751 0.6875 0
1677856497787 0.6875 0
1677856497823 0.71875 0
1677856497951 0.84375 0
1677856497989 0.71875 0
1677856498025 0.78125 0
1677856498061 0.65625 0
1677856498097 0.8125 0
1677856498134 0.6875 0
1677856498170 0.625 0
1677856498206 0.71875 0
1677856498242 0.875 0
1677856498278 0.71875 0
1677856498315 0.71875 0
1677856498350 0.5 0
1677856498542 0.7336 0
1677856499811 0.78125 0
1677856499844 0.875 0
1677856499874 0.75 0
1677856499905 0.71875 0
1677856499947 0.78125 0
1677856499977 0.625 0
1677856500019 0.65625 0
1677856500206 0.84375 0
1677856500244 0.84375 0
1677856500281 0.6875 0
1677856500317 0.65625 0
1677856500353 0.71875 0
1677856500390 0.9375 0
1677856500426 0.8125 0
1677856500463 0.78125 0
1677856500499 0.90625 0
1677856500536 0.78125 0
1677856500572 0.75 0
1677856500609 0.75 0
1677856500646 0.625 0
1677856500683 0.75 0
1677856500720 0.84375 0
1677856500756 0.625 0
1677856500793 0.78125 0
1677856500829 0.6875 0
1677856500881 0.5625 0
1677856500917 0.75 0
1677856500954 0.6875 0
1677856500990 0.84375 0
1677856501118 0.78125 0
1677856501155 0.75 0
1677856501192 0.71875 0
1677856501228 0.625 0
1677856501264 0.625 0
1677856501301 0.625 0
1677856501337 0.65625 0
1677856501373 0.75 0
1677856501410 0.8125 0
1677856501449 0.75 0
1677856501488 0.75 0
1677856501527 0.75 0
1677856501567 0.71875 0
1677856501606 0.71875 0
1677856501645 0.71875 0
1677856501682 0.78125 0
1677856501718 0.75 0
1677856501755 0.71875 0
1677856501872 0.8125 0
1677856501902 0.84375 0
1677856501930 0.625 0
1677856501959 0.71875 0
1677856501989 0.84375 0
1677856502017 0.78125 0
1677856502052 0.875 0
1677856502088 0.78125 0
1677856502125 0.84375 0
1677856502161 0.75 0
1677856502197 0.75 0
1677856502234 0.6875 0
1677856502270 0.65625 0
1677856502306 0.75 0
1677856502342 0.65625 0
1677856502378 0.65625 0
1677856502414 0.6875 0
1677856502451 0.75 0
1677856502488 0.78125 0
1677856502524 0.90625 0
1677856502560 0.6875 0
1677856502596 0.59375 0
1677856502632 0.71875 0
1677856502749 0.75 0
1677856502786 0.78125 0
1677856502822 0.625 0
1677856502859 0.75 0
1677856502895 0.65625 0
1677856502931 0.78125 0
1677856502967 0.8125 0
1677856503004 0.625 0
1677856503038 0.25 0
1677856503264 0.7396 0
1677856504520 0.84375 0
1677856504554 0.6875 0
1677856504593 0.75 0
1677856504636 0.75 0
1677856504668 0.6875 0
1677856504699 0.5625 0
1677856504729 0.75 0
1677856504760 0.78125 0
1677856504791 0.75 0
1677856504944 0.84375 0
1677856504983 0.875 0
1677856505019 0.625 0
1677856505051 0.625 0
1677856505080 0.8125 0
1677856505110 0.71875 0
1677856505139 0.8125 0
1677856505166 0.5625 0
1677856505194 0.84375 0
1677856505222 0.75 0
1677856505252 0.75 0
1677856505284 0.84375 0
1677856505313 0.8125 0
1677856505343 0.75 0
1677856505373 0.84375 0
1677856505402 0.75 0
1677856505431 0.8125 0
1677856505459 0.71875 0
1677856505487 0.78125 0
1677856505616 0.71875 0
1677856505655 0.65625 0
1677856505694 0.625 0
1677856505731 0.5625 0
1677856505769 0.78125 0
1677856505798 0.8125 0
1677856505833 0.71875 0
1677856505870 0.8125 0
1677856505907 0.6875 0
1677856505944 0.71875 0
1677856505991 0.875 0
1677856506027 0.78125 0
1677856506064 0.75 0
1677856506111 0.71875 0
1677856506142 0.625 0
1677856506177 0.65625 0
1677856506213 0.8125 0
1677856506250 0.65625 0
1677856506286 0.84375 0
1677856506323 0.75 0
1677856506362 0.65625 0
1677856506401 0.71875 0
1677856506546 0.71875 0
1677856506585 0.65625 0
1677856506622 0.875 0
1677856506659 0.78125 0
1677856506696 0.75 0
1677856506732 0.65625 0
1677856506769 0.84375 0
1677856506805 0.75 0
1677856506840 0.625 0
1677856506868 0.78125 0
1677856506896 0.625 0
1677856506931 0.78125 0
1677856506967 0.84375 0
1677856507004 0.71875 0
1677856507040 0.84375 0
1677856507077 0.71875 0
1677856507113 0.8125 0
1677856507150 0.53125 0
1677856507186 0.75 0
1677856507316 0.75 0
1677856507354 0.75 0
1677856507391 0.8125 0
1677856507428 0.71875 0
1677856507465 0.6875 0
1677856507501 0.78125 0
1677856507538 0.65625 0
1677856507574 0.84375 0
1677856507611 0.8125 0
1677856507646 1.0 0
1677856507849 0.7428 0
1677856509110 0.78125 0
1677856509159 0.84375 0
1677856509210 0.78125 0
1677856509251 0.75 0
1677856509289 0.78125 0
1677856509327 0.84375 0
1677856509364 0.8125 0
1677856509401 0.8125 0
1677856509439 0.65625 0
1677856509594 0.75 0
1677856509625 0.65625 0
1677856509652 0.8125 0
1677856509681 0.75 0
1677856509718 0.8125 0
1677856509757 0.71875 0
1677856509796 0.71875 0
1677856509833 0.625 0
1677856509870 0.84375 0
1677856509907 0.71875 0
1677856509944 0.78125 0
1677856509982 0.84375 0
1677856510019 0.71875 0
1677856510049 0.71875 0
1677856510085 0.65625 0
1677856510122 0.84375 0
1677856510159 0.78125 0
1677856510196 0.6875 0
1677856510327 0.78125 0
1677856510366 0.8125 0
1677856510403 0.78125 0
1677856510440 0.75 0
1677856510478 0.8125 0
1677856510516 0.8125 0
1677856510553 0.875 0
1677856510590 0.8125 0
1677856510627 0.6875 0
1677856510665 0.59375 0
1677856510702 0.59375 0
1677856510740 0.75 0
1677856510777 0.6875 0
1677856510814 0.75 0
1677856510851 0.84375 0
1677856510888 0.71875 0
1677856510926 0.78125 0
1677856510963 0.6875 0
1677856511096 0.8125 0
1677856511135 0.78125 0
1677856511172 0.6875 0
1677856511209 0.75 0
1677856511247 0.6875 0
1677856511286 0.90625 0
1677856511326 0.71875 0
1677856511365 0.75 0
1677856511405 0.875 0
1677856511446 0.71875 0
1677856511486 0.75 0
1677856511524 0.65625 0
1677856511561 0.78125 0
1677856511598 0.6875 0
1677856511635 0.75 0
1677856511673 0.78125 0
1677856511710 0.875 0
1677856511851 0.8125 0
1677856511892 0.75 0
1677856511929 0.625 0
1677856511967 0.78125 0
1677856512004 0.6875 0
1677856512042 0.65625 0
1677856512079 0.84375 0
1677856512117 0.84375 0
1677856512154 0.875 0
1677856512191 0.78125 0
1677856512229 0.8125 0
1677856512267 0.75 0
1677856512304 0.75 0
1677856512341 0.71875 0
1677856512379 0.84375 0
1677856512418 0.6875 0
1677856512454 0.5 0
1677856512748 0.7588 0
1677856514026 0.6875 0
1677856514065 0.71875 0
1677856514108 0.71875 0
1677856514138 0.6875 0
1677856514168 0.78125 0
1677856514212 0.71875 0
1677856514254 0.75 0
1677856514301 0.6875 0
1677856514334 0.75 0
1677856514369 0.8125 0
1677856514406 0.78125 0
1677856514444 0.8125 0
1677856514483 0.8125 0
1677856514521 0.78125 0
1677856514559 0.90625 0
1677856514597 0.8125 0
1677856514787 0.875 0
1677856514826 0.75 0
1677856514866 0.8125 0
1677856514899 0.8125 0
1677856514927 0.84375 0
1677856514958 0.625 0
1677856514990 0.75 0
1677856515032 0.78125 0
1677856515067 0.625 0
1677856515097 0.71875 0
1677856515127 0.71875 0
1677856515159 0.75 0
1677856515199 0.75 0
1677856515238 0.78125 0
1677856515277 0.75 0
1677856515316 0.75 0
1677856515450 0.75 0
1677856515490 0.84375 0
1677856515535 0.625 0
1677856515574 0.75 0
1677856515613 0.78125 0
1677856515653 0.625 0
1677856515693 0.71875 0
1677856515732 0.6875 0
1677856515771 0.65625 0
1677856515809 0.625 0
1677856515847 0.75 0
1677856515886 0.84375 0
1677856515925 0.6875 0
1677856515963 0.71875 0
1677856516005 0.6875 0
1677856516050 0.84375 0
1677856516183 0.875 0
1677856516263 0.6875 0
1677856516611 0.71875 0
1677856516640 0.6875 0
1677856516667 0.75 0
1677856516703 0.71875 0
1677856516749 0.6875 0
1677856516785 0.75 0
1677856516830 0.78125 0
1677856516873 0.625 0
1677856516920 0.78125 0
1677856516957 0.875 0
1677856516991 0.75 0
1677856517024 0.6875 0
1677856517051 0.75 0
1677856517079 0.78125 0
1677856517115 0.8125 0
1677856517250 0.84375 0
1677856517298 0.71875 0
1677856517325 0.84375 0
1677856517360 0.6875 0
1677856517406 0.78125 0
1677856517450 0.6875 0
1677856517496 0.71875 0
1677856517541 0.71875 0
1677856517579 0.75 0
1677856517616 0.78125 0
1677856517654 0.59375 0
1677856517692 0.71875 0
1677856517723 0.78125 0
1677856517757 0.75 0
1677856517976 0.7468 0
