1677855921177 0.0 0
1677855921201 0.0 0
1677855921224 0.0 0
1677855921243 0.0 0
1677855921265 0.0 0
1677855921283 0.09375 0
1677855921313 0.125 0
1677855921338 0.03125 0
1677855921358 0.125 0
1677855921379 0.21875 0
1677855921398 0.15625 0
1677855921418 0.0625 0
1677855921438 0.15625 0
1677855921457 0.15625 0
1677855921477 0.28125 0
1677855921524 0.1875 0
1677855921544 0.25 0
1677855921563 0.1875 0
1677855921583 0.25 0
1677855921602 0.1875 0
1677855921622 0.21875 0
1677855921642 0.15625 0
1677855921661 0.21875 0
1677855921681 0.3125 0
1677855921701 0.3125 0
1677855921720 0.3125 0
1677855921740 0.09375 0
1677855921760 0.21875 0
1677855921780 0.34375 0
1677855921801 0.1875 0
1677855921821 0.34375 0
1677855921842 0.1875 0
1677855921861 0.375 0
1677855921881 0.21875 0
1677855921901 0.28125 0
1677855921920 0.25 0
1677855921940 0.40625 0
1677855921960 0.34375 0
1677855921979 0.1875 0
1677855921999 0.25 0
1677855922018 0.375 0
1677855922038 0.3125 0
1677855922057 0.21875 0
1677855922077 0.1875 0
1677855922096 0.21875 0
1677855922116 0.34375 0
1677855922135 0.40625 0
1677855922155 0.34375 0
1677855922174 0.25 0
1677855922194 0.40625 0
1677855922213 0.34375 0
1677855922233 0.28125 0
1677855922252 0.46875 0
1677855922272 0.34375 0
1677855922291 0.34375 0
1677855922311 0.4375 0
1677855922331 0.34375 0
1677855922350 0.46875 0
1677855922370 0.375 0
1677855922389 0.375 0
1677855922409 0.21875 0
1677855922428 0.375 0
1677855922448 0.5 0
1677855922468 0.46875 0
1677855922487 0.28125 0
1677855922507 0.21875 0
1677855922526 0.53125 0
1677855922546 0.375 0
1677855922566 0.53125 0
1677855922585 0.375 0
1677855922605 0.28125 0
1677855922625 0.4375 0
1677855922644 0.46875 0
1677855922664 0.25 0
1677855922683 0.5 0
1677855922703 0.375 0
1677855922723 0.53125 0
1677855922742 0.4375 0
1677855922760 0.0 0
1677855922947 0.2776 0
1677855924170 0.40625 0
1677855924214 0.34375 0
1677855924243 0.5 0
1677855924262 0.25 0
1677855924282 0.4375 0
1677855924302 0.59375 0
1677855924322 0.46875 0
1677855924343 0.40625 0
1677855924363 0.34375 0
1677855924383 0.5 0
1677855924403 0.4375 0
1677855924423 0.34375 0
1677855924443 0.59375 0
1677855924463 0.25 0
1677855924483 0.4375 0
1677855924503 0.34375 0
1677855924523 0.46875 0
1677855924543 0.40625 0
1677855924563 0.4375 0
1677855924583 0.25 0
1677855924603 0.21875 0
1677855924623 0.46875 0
1677855924644 0.40625 0
1677855924665 0.625 0
1677855924687 0.53125 0
1677855924708 0.375 0
1677855924730 0.53125 0
1677855924751 0.34375 0
1677855924772 0.46875 0
1677855924794 0.40625 0
1677855924816 0.5625 0
1677855924838 0.46875 0
1677855924859 0.375 0
1677855924880 0.625 0
1677855924900 0.5 0
1677855924921 0.4375 0
1677855924941 0.5 0
1677855924961 0.40625 0
1677855924981 0.40625 0
1677855925001 0.4375 0
1677855925021 0.46875 0
1677855925041 0.40625 0
1677855925061 0.375 0
1677855925081 0.34375 0
1677855925101 0.40625 0
1677855925121 0.5 0
1677855925140 0.4375 0
1677855925160 0.40625 0
1677855925180 0.5625 0
1677855925200 0.53125 0
1677855925220 0.4375 0
1677855925240 0.40625 0
1677855925260 0.59375 0
1677855925280 0.4375 0
1677855925300 0.5625 0
1677855925320 0.5625 0
1677855925340 0.40625 0
1677855925360 0.46875 0
1677855925380 0.4375 0
1677855925400 0.46875 0
1677855925420 0.4375 0
1677855925440 0.3125 0
1677855925460 0.46875 0
1677855925480 0.34375 0
1677855925500 0.34375 0
1677855925520 0.28125 0
1677855925540 0.5 0
1677855925560 0.46875 0
1677855925580 0.375 0
1677855925600 0.34375 0
1677855925620 0.4375 0
1677855925640 0.5625 0
1677855925660 0.25 0
1677855925680 0.5625 0
1677855925700 0.40625 0
1677855925720 0.5 0
1677855925741 0.5 0
1677855925761 0.4375 0
1677855925779 0.25 0
1677855925982 0.4364 0
1677855927218 0.46875 0
1677855927253 0.375 0
1677855927280 0.4375 0
1677855927321 0.65625 0
1677855927352 0.34375 0
1677855927375 0.46875 0
1677855927395 0.625 0
1677855927416 0.4375 0
1677855927436 0.5 0
1677855927457 0.5 0
1677855927478 0.53125 0
1677855927498 0.59375 0
1677855927518 0.5 0
1677855927539 0.59375 0
1677855927559 0.375 0
1677855927579 0.5 0
1677855927599 0.59375 0
1677855927620 0.46875 0
1677855927640 0.4375 0
1677855927665 0.5 0
1677855927686 0.53125 0
1677855927706 0.46875 0
1677855927726 0.53125 0
1677855927746 0.40625 0
1677855927767 0.40625 0
1677855927787 0.5 0
1677855927807 0.53125 0
1677855927828 0.4375 0
1677855927848 0.53125 0
1677855927868 0.46875 0
1677855927889 0.5 0
1677855927910 0.53125 0
1677855927931 0.46875 0
1677855927952 0.59375 0
1677855927974 0.4375 0
1677855927996 0.375 0
1677855928016 0.375 0
1677855928037 0.59375 0
1677855928057 0.46875 0
1677855928078 0.53125 0
1677855928098 0.46875 0
1677855928118 0.40625 0
1677855928138 0.46875 0
1677855928158 0.5625 0
1677855928178 0.59375 0
1677855928199 0.53125 0
1677855928219 0.5 0
1677855928239 0.65625 0
1677855928259 0.4375 0
1677855928279 0.5625 0
1677855928300 0.625 0
1677855928320 0.53125 0
1677855928340 0.59375 0
1677855928360 0.59375 0
1677855928380 0.59375 0
1677855928400 0.59375 0
1677855928421 0.40625 0
1677855928441 0.5 0
1677855928461 0.5625 0
1677855928481 0.5 0
1677855928502 0.375 0
1677855928522 0.4375 0
1677855928542 0.5625 0
1677855928563 0.53125 0
1677855928583 0.40625 0
1677855928603 0.5625 0
1677855928624 0.5625 0
1677855928644 0.5625 0
1677855928664 0.53125 0
1677855928685 0.5 0
1677855928705 0.59375 0
1677855928725 0.46875 0
1677855928746 0.34375 0
1677855928766 0.5625 0
1677855928787 0.65625 0
1677855928807 0.53125 0
1677855928828 0.5 0
1677855928848 0.5625 0
1677855928866 0.0 0
1677855929054 0.506 0
1677855930319 0.59375 0
1677855930354 0.4375 0
1677855930377 0.59375 0
1677855930398 0.75 0
1677855930419 0.34375 0
1677855930439 0.40625 0
1677855930460 0.4375 0
1677855930481 0.5 0
1677855930501 0.59375 0
1677855930522 0.375 0
1677855930543 0.59375 0
1677855930564 0.34375 0
1677855930585 0.65625 0
1677855930606 0.53125 0
1677855930627 0.5 0
1677855930647 0.53125 0
1677855930668 0.5625 0
1677855930689 0.5625 0
1677855930710 0.53125 0
1677855930730 0.40625 0
1677855930752 0.5625 0
1677855930772 0.65625 0
1677855930793 0.5 0
1677855930814 0.5625 0
1677855930835 0.59375 0
1677855930855 0.65625 0
1677855930876 0.34375 0
1677855930897 0.625 0
1677855930918 0.59375 0
1677855930939 0.59375 0
1677855930959 0.5625 0
1677855930980 0.625 0
1677855931001 0.53125 0
1677855931022 0.53125 0
1677855931042 0.6875 0
1677855931063 0.59375 0
1677855931084 0.5 0
1677855931105 0.34375 0
1677855931126 0.40625 0
1677855931146 0.5 0
1677855931167 0.59375 0
1677855931188 0.46875 0
1677855931208 0.5 0
1677855931229 0.625 0
1677855931250 0.59375 0
1677855931270 0.46875 0
1677855931291 0.65625 0
1677855931312 0.75 0
1677855931332 0.375 0
1677855931353 0.53125 0
1677855931374 0.53125 0
1677855931395 0.75 0
1677855931415 0.5 0
1677855931436 0.5 0
1677855931457 0.5 0
1677855931477 0.53125 0
1677855931498 0.4375 0
1677855931519 0.53125 0
1677855931539 0.46875 0
1677855931560 0.59375 0
1677855931581 0.53125 0
1677855931601 0.625 0
1677855931622 0.5625 0
1677855931643 0.71875 0
1677855931664 0.59375 0
1677855931685 0.59375 0
1677855931705 0.6875 0
1677855931726 0.5 0
1677855931768 0.5625 0
1677855931789 0.5625 0
1677855931809 0.625 0
1677855931830 0.625 0
1677855931851 0.53125 0
1677855931872 0.5 0
1677855931892 0.625 0
1677855931913 0.59375 0
1677855931934 0.71875 0
1677855931955 0.53125 0
1677855931974 1.0 0
1677855932172 0.5496 0
1677855933408 0.65625 0
1677855933437 0.5 0
1677855933459 0.59375 0
1677855933480 0.5625 0
1677855933501 0.625 0
1677855933523 0.5625 0
1677855933545 0.59375 0
1677855933566 0.53125 0
1677855933587 0.59375 0
1677855933608 0.65625 0
1677855933629 0.46875 0
1677855933651 0.59375 0
1677855933674 0.59375 0
1677855933697 0.46875 0
1677855933718 0.53125 0
1677855933739 0.5625 0
1677855933760 0.375 0
1677855933781 0.71875 0
1677855933802 0.5 0
1677855933823 0.71875 0
1677855933845 0.46875 0
1677855933874 0.65625 0
1677855933902 0.6875 0
1677855933924 0.625 0
1677855933945 0.53125 0
1677855933968 0.59375 0
1677855933989 0.5625 0
1677855934010 0.59375 0
1677855934031 0.65625 0
1677855934053 0.6875 0
1677855934075 0.59375 0
1677855934097 0.8125 0
1677855934119 0.59375 0
1677855934140 0.53125 0
1677855934161 0.59375 0
1677855934182 0.625 0
1677855934203 0.59375 0
1677855934225 0.59375 0
1677855934246 0.53125 0
1677855934267 0.75 0
1677855934287 0.59375 0
1677855934308 0.4375 0
1677855934329 0.53125 0
1677855934350 0.65625 0
1677855934371 0.53125 0
1677855934392 0.59375 0
1677855934413 0.625 0
1677855934434 0.5 0
1677855934455 0.46875 0
1677855934476 0.53125 0
1677855934498 0.65625 0
1677855934521 0.5 0
1677855934544 0.53125 0
1677855934566 0.625 0
1677855934588 0.65625 0
1677855934611 0.4375 0
1677855934633 0.6875 0
1677855934656 0.625 0
1677855934679 0.71875 0
1677855934706 0.59375 0
1677855934728 0.625 0
1677855934749 0.59375 0
1677855934770 0.5625 0
1677855934792 0.65625 0
1677855934813 0.625 0
1677855934834 0.53125 0
1677855934855 0.65625 0
1677855934876 0.625 0
1677855934897 0.65625 0
1677855934918 0.4375 0
1677855934939 0.78125 0
1677855934960 0.5 0
1677855934981 0.53125 0
1677855935002 0.5625 0
1677855935023 0.71875 0
1677855935044 0.5 0
1677855935066 0.6875 0
1677855935087 0.5625 0
1677855935106 0.5 0
1677855935284 0.5896 0
1677855936602 0.5625 0
1677855936627 0.65625 0
1677855936649 0.59375 0
1677855936670 0.75 0
1677855936692 0.46875 0
1677855936714 0.5 0
1677855936735 0.5 0
1677855936757 0.53125 0
1677855936779 0.5625 0
1677855936801 0.65625 0
1677855936822 0.5625 0
1677855936844 0.5625 0
1677855936881 0.5625 0
1677855936902 0.6875 0
1677855936924 0.75 0
1677855936945 0.5 0
1677855936967 0.625 0
1677855936989 0.5625 0
1677855937010 0.53125 0
1677855937032 0.59375 0
1677855937054 0.625 0
1677855937075 0.625 0
1677855937097 0.625 0
1677855937119 0.65625 0
1677855937140 0.5 0
1677855937162 0.6875 0
1677855937183 0.53125 0
1677855937205 0.625 0
1677855937226 0.6875 0
1677855937248 0.625 0
1677855937269 0.65625 0
1677855937291 0.59375 0
1677855937313 0.5625 0
1677855937334 0.59375 0
1677855937356 0.59375 0
1677855937378 0.625 0
1677855937399 0.40625 0
1677855937421 0.625 0
1677855937443 0.6875 0
1677855937464 0.625 0
1677855937486 0.5625 0
1677855937507 0.625 0
1677855937529 0.53125 0
1677855937550 0.625 0
1677855937572 0.4375 0
1677855937593 0.625 0
1677855937615 0.5 0
1677855937636 0.625 0
1677855937658 0.5625 0
1677855937679 0.40625 0
1677855937701 0.65625 0
1677855937722 0.625 0
1677855937744 0.71875 0
1677855937765 0.5625 0
1677855937787 0.71875 0
1677855937809 0.6875 0
1677855937830 0.59375 0
1677855937852 0.6875 0
1677855937873 0.40625 0
1677855937895 0.65625 0
1677855937917 0.5625 0
1677855937938 0.65625 0
1677855937957 0.46875 0
1677855937975 0.75 0
1677855937995 0.6875 0
1677855938016 0.65625 0
1677855938037 0.53125 0
1677855938059 0.75 0
1677855938081 0.5625 0
1677855938102 0.625 0
1677855938124 0.53125 0
1677855938145 0.71875 0
1677855938169 0.375 0
1677855938191 0.625 0
1677855938214 0.625 0
1677855938236 0.65625 0
1677855938258 0.6875 0
1677855938279 0.59375 0
1677855938299 0.75 0
1677855938470 0.5996 0
1677855939719 0.5625 0
1677855939744 0.53125 0
1677855939766 0.65625 0
1677855939788 0.625 0
1677855939810 0.625 0
1677855939831 0.5625 0
1677855939860 0.46875 0
1677855939885 0.625 0
1677855939907 0.59375 0
1677855939928 0.4375 0
1677855939948 0.53125 0
1677855939977 0.65625 0
1677855940002 0.53125 0
1677855940024 0.53125 0
1677855940046 0.5625 0
1677855940068 0.71875 0
1677855940090 0.59375 0
1677855940112 0.65625 0
1677855940134 0.5625 0
1677855940155 0.65625 0
1677855940177 0.65625 0
1677855940200 0.625 0
1677855940223 0.75 0
1677855940246 0.71875 0
1677855940269 0.59375 0
1677855940291 0.65625 0
1677855940312 0.59375 0
1677855940334 0.625 0
1677855940356 0.6875 0
1677855940378 0.625 0
1677855940400 0.5625 0
1677855940423 0.625 0
1677855940445 0.625 0
1677855940467 0.65625 0
1677855940489 0.53125 0
1677855940511 0.6875 0
1677855940533 0.625 0
1677855940555 0.625 0
1677855940577 0.5625 0
1677855940599 0.59375 0
1677855940620 0.625 0
1677855940642 0.59375 0
1677855940664 0.59375 0
1677855940686 0.59375 0
1677855940707 0.6875 0
1677855940729 0.65625 0
1677855940751 0.6875 0
1677855940772 0.59375 0
1677855940794 0.65625 0
1677855940816 0.5625 0
1677855940838 0.46875 0
1677855940860 0.71875 0
1677855940882 0.65625 0
1677855940904 0.6875 0
1677855940926 0.53125 0
1677855940947 0.65625 0
1677855940969 0.65625 0
1677855940991 0.65625 0
1677855941013 0.71875 0
1677855941034 0.625 0
1677855941056 0.625 0
1677855941078 0.5 0
1677855941100 0.5625 0
1677855941121 0.6875 0
1677855941143 0.375 0
1677855941165 0.625 0
1677855941187 0.5625 0
1677855941209 0.65625 0
1677855941231 0.5625 0
1677855941253 0.78125 0
1677855941275 0.71875 0
1677855941297 0.46875 0
1677855941318 0.65625 0
1677855941340 0.6875 0
1677855941362 0.5625 0
1677855941384 0.46875 0
1677855941406 0.6875 0
1677855941428 0.5625 0
1677855941448 0.75 0
1677855941631 0.6116 0
1677855942878 0.65625 0
1677855942914 0.5 0
1677855942940 0.71875 0
1677855942971 0.71875 0
1677855943001 0.625 0
1677855943034 0.5625 0
1677855943060 0.75 0
1677855943091 0.6875 0
1677855943114 0.53125 0
1677855943138 0.53125 0
1677855943160 0.59375 0
1677855943183 0.53125 0
1677855943212 0.5625 0
1677855943242 0.53125 0
1677855943272 0.5625 0
1677855943295 0.71875 0
1677855943327 0.65625 0
1677855943353 0.59375 0
1677855943375 0.71875 0
1677855943397 0.625 0
1677855943419 0.65625 0
1677855943441 0.625 0
1677855943464 0.6875 0
1677855943486 0.6875 0
1677855943509 0.625 0
1677855943532 0.75 0
1677855943554 0.5625 0
1677855943576 0.65625 0
1677855943598 0.625 0
1677855943621 0.71875 0
1677855943643 0.75 0
1677855943665 0.46875 0
1677855943687 0.71875 0
1677855943709 0.59375 0
1677855943731 0.59375 0
1677855943754 0.5625 0
1677855943776 0.625 0
1677855943798 0.5625 0
1677855943821 0.4375 0
1677855943843 0.65625 0
1677855943865 0.59375 0
1677855943887 0.59375 0
1677855943910 0.59375 0
1677855943932 0.59375 0
1677855943954 0.75 0
1677855943976 0.71875 0
1677855943998 0.71875 0
1677855944020 0.8125 0
1677855944042 0.75 0
1677855944064 0.65625 0
1677855944086 0.6875 0
1677855944108 0.625 0
1677855944130 0.75 0
1677855944152 0.5 0
1677855944175 0.625 0
1677855944197 0.75 0
1677855944219 0.59375 0
1677855944241 0.59375 0
1677855944263 0.53125 0
1677855944285 0.71875 0
1677855944309 0.59375 0
1677855944334 0.71875 0
1677855944358 0.5625 0
1677855944382 0.71875 0
1677855944406 0.71875 0
1677855944430 0.6875 0
1677855944454 0.625 0
1677855944478 0.4375 0
1677855944502 0.5625 0
1677855944526 0.59375 0
1677855944549 0.75 0
1677855944572 0.59375 0
1677855944594 0.65625 0
1677855944617 0.53125 0
1677855944639 0.59375 0
1677855944661 0.625 0
1677855944684 0.5 0
1677855944706 0.75 0
1677855944726 0.75 0
1677855944915 0.6324 0
1677855946175 0.6875 0
1677855946202 0.5625 0
1677855946222 0.65625 0
1677855946242 0.6875 0
1677855946262 0.71875 0
1677855946282 0.625 0
1677855946302 0.65625 0
1677855946325 0.65625 0
1677855946350 0.78125 0
1677855946373 0.71875 0
1677855946398 0.6875 0
1677855946423 0.53125 0
1677855946447 0.71875 0
1677855946471 0.78125 0
1677855946495 0.5625 0
1677855946519 0.625 0
1677855946543 0.65625 0
1677855946567 0.53125 0
1677855946591 0.6875 0
1677855946615 0.84375 0
1677855946639 0.4375 0
1677855946663 0.6875 0
1677855946687 0.625 0
1677855946711 0.8125 0
1677855946735 0.625 0
1677855946759 0.4375 0
1677855946783 0.59375 0
1677855946807 0.59375 0
1677855946831 0.5 0
1677855946855 0.65625 0
1677855946880 0.59375 0
1677855946906 0.53125 0
1677855946930 0.65625 0
1677855946954 0.5625 0
1677855946977 0.71875 0
1677855947000 0.59375 0
1677855947023 0.53125 0
1677855947046 0.5625 0
1677855947069 0.6875 0
1677855947092 0.59375 0
1677855947137 0.6875 0
1677855947163 0.71875 0
1677855947186 0.78125 0
1677855947208 0.71875 0
1677855947231 0.875 0
1677855947254 0.65625 0
1677855947276 0.71875 0
1677855947299 0.75 0
1677855947322 0.6875 0
1677855947345 0.59375 0
1677855947367 0.6875 0
1677855947390 0.59375 0
1677855947413 0.6875 0
1677855947436 0.65625 0
1677855947459 0.71875 0
1677855947481 0.71875 0
1677855947504 0.625 0
1677855947527 0.6875 0
1677855947550 0.6875 0
1677855947572 0.65625 0
1677855947595 0.6875 0
1677855947618 0.625 0
1677855947641 0.75 0
1677855947665 0.5625 0
1677855947688 0.59375 0
1677855947711 0.75 0
1677855947734 0.65625 0
1677855947757 0.6875 0
1677855947780 0.6875 0
1677855947802 0.6875 0
1677855947825 0.6875 0
1677855947848 0.6875 0
1677855947871 0.71875 0
1677855948026 0.625 0
1677855948050 0.65625 0
1677855948074 0.6875 0
1677855948098 0.5 0
1677855948122 0.6875 0
1677855948145 0.75 0
1677855948351 0.6568 0
1677855949591 0.6875 0
1677855949639 0.625 0
1677855949676 0.65625 0
1677855949707 0.6875 0
1677855949737 0.65625 0
1677855949767 0.5625 0
1677855949793 0.5625 0
1677855949816 0.6875 0
1677855949838 0.625 0
1677855949861 0.6875 0
1677855949884 0.75 0
1677855949907 0.78125 0
1677855949930 0.625 0
1677855949953 0.5625 0
1677855949976 0.6875 0
1677855949999 0.5625 0
1677855950022 0.53125 0
1677855950045 0.78125 0
1677855950068 0.6875 0
1677855950091 0.875 0
1677855950114 0.8125 0
1677855950137 0.5 0
1677855950160 0.6875 0
1677855950183 0.65625 0
1677855950206 0.5625 0
1677855950229 0.625 0
1677855950252 0.53125 0
1677855950275 0.75 0
1677855950298 0.78125 0
1677855950321 0.6875 0
1677855950344 0.59375 0
1677855950367 0.78125 0
1677855950390 0.53125 0
1677855950413 0.71875 0
1677855950437 0.625 0
1677855950461 0.59375 0
1677855950486 0.75 0
1677855950510 0.5625 0
1677855950533 0.75 0
1677855950556 0.65625 0
1677855950579 0.6875 0
1677855950602 0.625 0
1677855950625 0.6875 0
1677855950648 0.59375 0
1677855950670 0.59375 0
1677855950693 0.78125 0
1677855950716 0.65625 0
1677855950739 0.625 0
1677855950762 0.625 0
1677855950785 0.75 0
1677855950808 0.65625 0
1677855950831 0.625 0
1677855950853 0.5625 0
1677855950876 0.78125 0
1677855950899 0.75 0
1677855950918 0.53125 0
1677855950939 0.78125 0
1677855950962 0.625 0
1677855950992 0.71875 0
1677855951022 0.6875 0
1677855951052 0.71875 0
1677855951076 0.75 0
1677855951099 0.65625 0
1677855951122 0.625 0
1677855951145 0.65625 0
1677855951168 0.6875 0
1677855951190 0.59375 0
1677855951213 0.625 0
1677855951236 0.5625 0
1677855951259 0.6875 0
1677855951282 0.8125 0
1677855951305 0.65625 0
1677855951328 0.78125 0
1677855951351 0.6875 0
1677855951374 0.6875 0
1677855951397 0.84375 0
1677855951420 0.8125 0
1677855951443 0.5625 0
1677855951464 0.5 0
1677855951676 0.6688 0
1677855952912 0.78125 0
1677855952942 0.6875 0
1677855952969 0.75 0
1677855952992 0.65625 0
1677855953014 0.84375 0
1677855953045 0.5625 0
1677855953080 0.625 0
1677855953112 0.6875 0
1677855953143 0.59375 0
1677855953167 0.75 0
1677855953190 0.53125 0
1677855953214 0.875 0
1677855953237 0.75 0
1677855953261 0.625 0
1677855953284 0.5625 0
1677855953307 0.71875 0
1677855953330 0.65625 0
1677855953354 0.75 0
1677855953378 0.6875 0
1677855953401 0.6875 0
1677855953425 0.71875 0
1677855953449 0.65625 0
1677855953472 0.5625 0
1677855953496 0.5 0
1677855953519 0.6875 0
1677855953543 0.59375 0
1677855953566 0.625 0
1677855953589 0.65625 0
1677855953622 0.75 0
1677855953645 0.65625 0
1677855953669 0.59375 0
1677855953693 0.65625 0
1677855953716 0.5 0
1677855953740 0.75 0
1677855953763 0.75 0
1677855953787 0.625 0
1677855953810 0.8125 0
1677855953833 0.75 0
1677855953857 0.5625 0
1677855953883 0.71875 0
1677855953916 0.71875 0
1677855953942 0.4375 0
1677855953966 0.71875 0
1677855953989 0.8125 0
1677855954013 0.59375 0
1677855954040 0.78125 0
1677855954064 0.5 0
1677855954087 0.5625 0
1677855954110 0.625 0
1677855954133 0.65625 0
1677855954157 0.78125 0
1677855954181 0.53125 0
1677855954207 0.8125 0
1677855954232 0.65625 0
1677855954256 0.625 0
1677855954278 0.6875 0
1677855954301 0.53125 0
1677855954326 0.59375 0
1677855954352 0.75 0
1677855954376 0.625 0
1677855954400 0.625 0
1677855954423 0.84375 0
1677855954447 0.71875 0
1677855954470 0.5 0
1677855954494 0.8125 0
1677855954517 0.6875 0
1677855954542 0.59375 0
1677855954567 0.65625 0
1677855954592 0.59375 0
1677855954616 0.78125 0
1677855954639 0.65625 0
1677855954663 0.65625 0
1677855954687 0.59375 0
1677855954710 0.46875 0
1677855954733 0.625 0
1677855954757 0.71875 0
1677855954780 0.5625 0
1677855954804 0.75 0
1677855954826 0.5 0
1677855955023 0.6632 0
1677855956313 0.6875 0
1677855956345 0.78125 0
1677855956367 0.625 0
1677855956386 0.625 0
1677855956409 0.78125 0
1677855956430 0.6875 0
1677855956454 0.71875 0
1677855956475 0.625 0
1677855956495 0.75 0
1677855956516 0.71875 0
1677855956536 0.625 0
1677855956558 0.65625 0
1677855956585 0.78125 0
1677855956610 0.65625 0
1677855956634 0.75 0
1677855956658 0.75 0
1677855956684 0.6875 0
1677855956709 0.4375 0
1677855956733 0.6875 0
1677855956757 0.71875 0
1677855956781 0.8125 0
1677855956805 0.59375 0
1677855956829 0.84375 0
1677855956854 0.625 0
1677855956878 0.65625 0
1677855956902 0.59375 0
1677855956932 0.71875 0
1677855956956 0.71875 0
1677855956980 0.71875 0
1677855957004 0.75 0
1677855957028 0.71875 0
1677855957051 0.71875 0
1677855957075 0.65625 0
1677855957099 0.71875 0
1677855957123 0.8125 0
1677855957147 0.6875 0
1677855957170 0.78125 0
1677855957194 0.6875 0
1677855957218 0.78125 0
1677855957241 0.625 0
1677855957265 0.6875 0
1677855957289 0.71875 0
1677855957312 0.84375 0
1677855957338 0.65625 0
1677855957385 0.78125 0
1677855957408 0.65625 0
1677855957432 0.625 0
1677855957455 0.59375 0
1677855957479 0.6875 0
1677855957502 0.625 0
1677855957526 0.6875 0
1677855957549 0.8125 0
1677855957573 0.8125 0
1677855957597 0.5625 0
1677855957620 0.84375 0
1677855957644 0.75 0
1677855957668 0.625 0
1677855957691 0.71875 0
1677855957715 0.65625 0
1677855957886 0.75 0
1677855957911 0.71875 0
1677855957935 0.75 0
1677855957959 0.71875 0
1677855957982 0.625 0
1677855958006 0.5625 0
1677855958030 0.8125 0
1677855958053 0.625 0
1677855958077 0.6875 0
1677855958101 0.875 0
1677855958124 0.65625 0
1677855958148 0.71875 0
1677855958172 0.78125 0
1677855958195 0.75 0
1677855958219 0.71875 0
1677855958242 0.59375 0
1677855958266 0.6875 0
1677855958290 0.75 0
1677855958313 0.84375 0
1677855958335 1.0 0
1677855958551 0.7048 0
1677855959828 0.6875 0
1677855959852 0.6875 0
1677855959872 0.5625 0
1677855959893 0.53125 0
1677855959924 0.71875 0
1677855959944 0.625 0
1677855959963 0.65625 0
1677855959989 0.71875 0
1677855960010 0.78125 0
1677855960037 0.65625 0
1677855960056 0.6875 0
1677855960081 0.8125 0
1677855960102 0.78125 0
1677855960124 0.625 0
1677855960147 0.59375 0
1677855960175 0.71875 0
1677855960196 0.75 0
1677855960216 0.8125 0
1677855960237 0.6875 0
1677855960260 0.8125 0
1677855960282 0.75 0
1677855960308 0.625 0
1677855960330 0.71875 0
1677855960355 0.6875 0
1677855960388 0.71875 0
1677855960420 0.75 0
1677855960452 0.59375 0
1677855960484 0.78125 0
1677855960515 0.71875 0
1677855960545 0.6875 0
1677855960577 0.75 0
1677855960608 0.625 0
1677855960641 0.53125 0
1677855960667 0.6875 0
1677855960693 0.71875 0
1677855960719 0.78125 0
1677855960745 0.71875 0
1677855960770 0.625 0
1677855960794 0.59375 0
1677855960819 0.75 0
1677855960843 0.78125 0
1677855960867 0.8125 0
1677855960891 0.78125 0
1677855960915 0.78125 0
1677855960939 0.65625 0
1677855960963 0.6875 0
1677855960987 0.6875 0
1677855961011 0.625 0
1677855961035 0.59375 0
1677855961059 0.625 0
1677855961084 0.59375 0
1677855961108 0.75 0
1677855961132 0.65625 0
1677855961156 0.6875 0
1677855961180 0.75 0
1677855961206 0.59375 0
1677855961230 0.78125 0
1677855961254 0.625 0
1677855961279 0.71875 0
1677855961303 0.65625 0
1677855961327 0.71875 0
1677855961351 0.71875 0
1677855961375 0.65625 0
1677855961399 0.625 0
1677855961423 0.71875 0
1677855961448 0.71875 0
1677855961472 0.625 0
1677855961496 0.84375 0
1677855961521 0.8125 0
1677855961545 0.6875 0
1677855961569 0.78125 0
1677855961593 0.8125 0
1677855961617 0.71875 0
1677855961642 0.75 0
1677855961666 0.6875 0
1677855961690 0.78125 0
1677855961714 0.78125 0
1677855961738 0.65625 0
1677855961761 0.75 0
1677855961941 0.7008 0
1677855963170 0.5625 0
1677855963207 0.625 0
1677855963235 0.5625 0
1677855963260 0.75 0
1677855963285 0.78125 0
1677855963310 0.625 0
1677855963335 0.8125 0
1677855963360 0.6875 0
1677855963384 0.65625 0
1677855963409 0.65625 0
1677855963433 0.84375 0
1677855963457 0.71875 0
1677855963481 0.84375 0
1677855963506 0.75 0
1677855963531 0.625 0
1677855963555 0.625 0
1677855963579 0.6875 0
1677855963604 0.6875 0
1677855963628 0.84375 0
1677855963652 0.59375 0
1677855963677 0.6875 0
1677855963701 0.75 0
1677855963726 0.6875 0
1677855963750 0.75 0
1677855963775 0.46875 0
1677855963799 0.71875 0
1677855963824 0.71875 0
1677855963848 0.78125 0
1677855963872 0.625 0
1677855963897 0.8125 0
1677855963918 0.8125 0
1677855963941 0.78125 0
1677855963963 0.6875 0
1677855963983 0.71875 0
1677855964007 0.75 0
1677855964032 0.6875 0
1677855964056 0.75 0
1677855964081 0.78125 0
1677855964105 0.75 0
1677855964130 0.8125 0
1677855964154 0.625 0
1677855964178 0.65625 0
1677855964202 0.6875 0
1677855964226 0.84375 0
1677855964251 0.71875 0
1677855964275 0.75 0
1677855964300 0.75 0
1677855964324 0.625 0
1677855964348 0.59375 0
1677855964372 0.75 0
1677855964397 0.71875 0
1677855964421 0.78125 0
1677855964445 0.6875 0
1677855964469 0.6875 0
1677855964494 0.65625 0
1677855964518 0.6875 0
1677855964542 0.65625 0
1677855964567 0.78125 0
1677855964591 0.59375 0
1677855964615 0.6875 0
1677855964639 0.78125 0
1677855964664 0.6875 0
1677855964688 0.875 0
1677855964712 0.75 0
1677855964736 0.6875 0
1677855964761 0.75 0
1677855964786 0.75 0
1677855964812 0.71875 0
1677855964838 0.8125 0
1677855964862 0.75 0
1677855964887 0.75 0
1677855964911 0.78125 0
1677855964935 0.625 0
1677855964960 0.65625 0
1677855964983 0.75 0
1677855965006 0.625 0
1677855965031 0.75 0
1677855965055 0.78125 0
1677855965078 0.5 0
1677855965285 0.7136 0
1677855966526 0.6875 0
1677855966559 0.75 0
1677855966595 0.78125 0
1677855966621 0.75 0
1677855966646 0.9375 0
1677855966671 0.90625 0
1677855966696 0.59375 0
1677855966720 0.71875 0
1677855966745 0.625 0
1677855966770 0.625 0
1677855966795 0.71875 0
1677855966820 0.78125 0
1677855966846 0.59375 0
1677855966872 0.75 0
1677855966898 0.75 0
1677855966923 0.78125 0
1677855966948 0.8125 0
1677855966973 0.625 0
1677855966997 0.6875 0
1677855967022 0.78125 0
1677855967047 0.71875 0
1677855967072 0.6875 0
1677855967096 0.65625 0
1677855967121 0.78125 0
1677855967146 0.71875 0
1677855967170 0.71875 0
1677855967196 0.71875 0
1677855967220 0.71875 0
1677855967245 0.8125 0
1677855967270 0.75 0
1677855967295 0.71875 0
1677855967320 0.8125 0
1677855967344 0.75 0
1677855967369 0.71875 0
1677855967394 0.78125 0
1677855967419 0.59375 0
1677855967444 0.6875 0
1677855967468 0.8125 0
1677855967493 0.71875 0
1677855967518 0.65625 0
1677855967543 0.6875 0
1677855967567 0.625 0
1677855967605 0.71875 0
1677855967630 0.6875 0
1677855967654 0.71875 0
1677855967679 0.71875 0
1677855967704 0.6875 0
1677855967729 0.8125 0
1677855967753 0.6875 0
1677855967779 0.71875 0
1677855967806 0.75 0
1677855967832 0.84375 0
1677855967858 0.8125 0
1677855967885 0.65625 0
1677855967911 0.65625 0
1677855967937 0.78125 0
1677855967961 0.65625 0
1677855967985 0.8125 0
1677855968007 0.75 0
1677855968027 0.75 0
1677855968048 0.8125 0
1677855968068 0.65625 0
1677855968088 0.6875 0
1677855968111 0.625 0
1677855968136 0.59375 0
1677855968161 0.65625 0
1677855968185 0.71875 0
1677855968210 0.75 0
1677855968234 0.78125 0
1677855968259 0.5625 0
1677855968284 0.8125 0
1677855968308 0.59375 0
1677855968333 0.5 0
1677855968505 0.625 0
1677855968540 0.78125 0
1677855968565 0.75 0
1677855968589 0.78125 0
1677855968614 0.6875 0
1677855968637 0.25 0
1677855968846 0.7184 0
1677855970103 0.71875 0
1677855970130 0.78125 0
1677855970151 0.65625 0
1677855970173 0.625 0
1677855970196 0.75 0
1677855970222 0.75 0
1677855970250 0.78125 0
1677855970277 0.6875 0
1677855970303 0.875 0
1677855970328 0.71875 0
1677855970353 0.78125 0
1677855970379 0.625 0
1677855970403 0.71875 0
1677855970428 0.90625 0
1677855970453 0.625 0
1677855970478 0.625 0
1677855970503 0.5625 0
1677855970528 0.75 0
1677855970553 0.65625 0
1677855970578 0.90625 0
1677855970603 0.75 0
1677855970628 0.53125 0
1677855970653 0.78125 0
1677855970678 0.75 0
1677855970703 0.59375 0
1677855970728 0.71875 0
1677855970753 0.78125 0
1677855970778 0.75 0
1677855970803 0.8125 0
1677855970828 0.75 0
1677855970853 0.8125 0
1677855970878 0.59375 0
1677855970903 0.625 0
1677855970929 0.75 0
1677855970954 0.84375 0
1677855970981 0.71875 0
1677855971007 0.75 0
1677855971032 0.8125 0
1677855971057 0.6875 0
1677855971082 0.6875 0
1677855971107 0.8125 0
1677855971132 0.71875 0
1677855971157 0.75 0
1677855971182 0.8125 0
1677855971207 0.59375 0
1677855971232 0.65625 0
1677855971257 0.71875 0
1677855971282 0.78125 0
1677855971307 0.75 0
1677855971332 0.78125 0
1677855971355 0.6875 0
1677855971379 0.59375 0
1677855971404 0.6875 0
1677855971429 0.59375 0
1677855971454 0.75 0
1677855971478 0.625 0
1677855971503 0.71875 0
1677855971528 0.75 0
1677855971553 0.6875 0
1677855971578 0.6875 0
1677855971603 0.78125 0
1677855971628 0.78125 0
1677855971653 0.625 0
1677855971678 0.78125 0
1677855971703 0.75 0
1677855971728 0.71875 0
1677855971753 0.8125 0
1677855971778 0.625 0
1677855971803 0.84375 0
1677855971828 0.6875 0
1677855971853 0.59375 0
1677855971878 0.71875 0
1677855971903 0.65625 0
1677855971928 0.8125 0
1677855971953 0.78125 0
1677855971978 0.6875 0
1677855972003 0.65625 0
1677855972028 0.59375 0
1677855972051 0.75 0
1677855972229 0.7188 0
1677855973494 0.71875 0
1677855973520 0.78125 0
1677855973543 0.8125 0
1677855973568 0.75 0
1677855973593 0.71875 0
1677855973618 0.65625 0
1677855973644 0.8125 0
1677855973669 0.78125 0
1677855973694 0.75 0
1677855973720 0.71875 0
1677855973745 0.71875 0
1677855973770 0.78125 0
1677855973796 0.78125 0
1677855973821 0.65625 0
1677855973846 0.8125 0
1677855973871 0.75 0
1677855973897 0.6875 0
1677855973922 0.875 0
1677855973947 0.75 0
1677855973973 0.6875 0
1677855973998 0.75 0
1677855974023 0.65625 0
1677855974049 0.65625 0
1677855974074 0.71875 0
1677855974099 0.65625 0
1677855974125 0.625 0
1677855974150 0.5625 0
1677855974175 0.59375 0
1677855974201 0.6875 0
1677855974227 0.875 0
1677855974252 0.71875 0
1677855974278 0.75 0
1677855974303 0.84375 0
1677855974328 0.75 0
1677855974354 0.71875 0
1677855974379 0.71875 0
1677855974405 0.71875 0
1677855974430 0.65625 0
1677855974456 0.84375 0
1677855974481 0.6875 0
1677855974506 0.8125 0
1677855974531 0.71875 0
1677855974557 0.75 0
1677855974582 0.8125 0
1677855974607 0.75 0
1677855974632 0.75 0
1677855974657 0.6875 0
1677855974682 0.75 0
1677855974707 0.71875 0
1677855974733 0.75 0
1677855974758 0.6875 0
1677855974783 0.8125 0
1677855974809 0.78125 0
1677855974834 0.84375 0
1677855974859 0.75 0
1677855974884 0.8125 0
1677855974909 0.65625 0
1677855974935 0.78125 0
1677855974960 0.8125 0
1677855974986 0.78125 0
1677855975012 0.65625 0
1677855975040 0.75 0
1677855975230 0.625 0
1677855975257 0.84375 0
1677855975283 0.75 0
1677855975309 0.8125 0
1677855975334 0.78125 0
1677855975360 0.8125 0
1677855975385 0.71875 0
1677855975410 0.90625 0
1677855975436 0.75 0
1677855975461 0.84375 0
1677855975486 0.65625 0
1677855975512 0.71875 0
1677855975537 0.8125 0
1677855975567 0.71875 0
1677855975606 0.5625 0
1677855975633 0.65625 0
1677855975653 0.5 0
1677855975845 0.7404 0
1677855977087 0.71875 0
1677855977128 0.65625 0
1677855977155 0.65625 0
1677855977182 0.59375 0
1677855977209 0.84375 0
1677855977235 0.78125 0
1677855977269 0.78125 0
1677855977296 0.78125 0
1677855977321 0.71875 0
1677855977347 0.84375 0
1677855977373 0.84375 0
1677855977399 0.875 0
1677855977425 0.78125 0
1677855977450 0.78125 0
1677855977476 0.75 0
1677855977502 0.8125 0
1677855977527 0.8125 0
1677855977553 0.90625 0
1677855977579 0.9375 0
1677855977605 0.75 0
1677855977631 0.71875 0
1677855977657 0.71875 0
1677855977683 0.875 0
1677855977709 0.65625 0
1677855977734 0.65625 0
1677855977760 0.75 0
1677855977786 0.8125 0
1677855977812 0.75 0
1677855977859 0.84375 0
1677855977882 0.75 0
1677855977905 0.8125 0
1677855977929 0.84375 0
1677855977955 0.6875 0
1677855977981 0.5625 0
1677855978007 0.65625 0
1677855978033 0.75 0
1677855978059 0.6875 0
1677855978085 0.84375 0
1677855978111 0.84375 0
1677855978137 0.78125 0
1677855978162 0.8125 0
1677855978188 0.78125 0
1677855978214 0.75 0
1677855978239 0.71875 0
1677855978265 0.8125 0
1677855978291 0.71875 0
1677855978317 0.8125 0
1677855978343 0.78125 0
1677855978369 0.65625 0
1677855978394 0.84375 0
1677855978420 0.75 0
1677855978446 0.875 0
1677855978472 0.65625 0
1677855978498 0.71875 0
1677855978524 0.75 0
1677855978549 0.75 0
1677855978575 0.75 0
1677855978601 0.71875 0
1677855978627 0.46875 0
1677855978652 0.78125 0
1677855978678 0.78125 0
1677855978704 0.5625 0
1677855978730 0.625 0
1677855978756 0.84375 0
1677855978782 0.78125 0
1677855978807 0.75 0
1677855978833 0.6875 0
1677855978859 0.8125 0
1677855978885 0.8125 0
1677855978911 0.75 0
1677855978937 0.71875 0
1677855978962 0.875 0
1677855978988 0.65625 0
1677855979014 0.71875 0
1677855979040 0.78125 0
1677855979066 0.71875 0
1677855979091 0.875 0
1677855979118 0.625 0
1677855979144 0.5 0
1677855979338 0.7548 0
1677855980584 0.78125 0
1677855980614 0.71875 0
1677855980653 0.65625 0
1677855980691 0.8125 0
1677855980717 0.78125 0
1677855980745 0.75 0
1677855980922 0.65625 0
1677855980950 0.78125 0
1677855980977 0.75 0
1677855981003 0.59375 0
1677855981029 0.75 0
1677855981055 0.625 0
1677855981081 0.78125 0
1677855981107 0.90625 0
1677855981133 0.75 0
1677855981159 0.78125 0
1677855981188 0.8125 0
1677855981215 0.6875 0
1677855981242 0.84375 0
1677855981268 0.78125 0
1677855981294 0.71875 0
1677855981320 0.8125 0
1677855981346 0.6875 0
1677855981372 0.78125 0
1677855981399 0.78125 0
1677855981425 0.75 0
1677855981451 0.875 0
1677855981477 0.6875 0
1677855981503 0.6875 0
1677855981529 0.875 0
1677855981555 0.71875 0
1677855981582 0.8125 0
1677855981608 0.78125 0
1677855981634 0.78125 0
1677855981660 0.625 0
1677855981686 0.6875 0
1677855981713 0.75 0
1677855981739 0.5625 0
1677855981766 0.78125 0
1677855981792 0.84375 0
1677855981817 0.625 0
1677855981843 0.71875 0
1677855981869 0.6875 0
1677855981895 0.8125 0
1677855981921 0.71875 0
1677855981947 0.875 0
1677855981973 0.78125 0
1677855981999 0.75 0
1677855982026 0.84375 0
1677855982052 0.78125 0
1677855982078 0.65625 0
1677855982104 0.8125 0
1677855982129 0.625 0
1677855982155 0.75 0
1677855982181 0.6875 0
1677855982207 0.6875 0
1677855982233 0.65625 0
1677855982259 0.875 0
1677855982285 0.875 0
1677855982311 0.8125 0
1677855982337 0.84375 0
1677855982364 0.84375 0
1677855982389 0.75 0
1677855982416 0.75 0
1677855982442 0.75 0
1677855982468 0.65625 0
1677855982494 0.71875 0
1677855982520 0.78125 0
1677855982546 0.90625 0
1677855982572 0.65625 0
1677855982598 0.875 0
1677855982624 0.65625 0
1677855982650 0.84375 0
1677855982676 0.78125 0
1677855982702 0.8125 0
1677855982729 0.84375 0
1677855982755 0.75 0
1677855982781 0.78125 0
1677855982805 0.25 0
1677855983009 0.756 0
1677855984242 0.78125 0
1677855984277 0.75 0
1677855984327 0.65625 0
1677855984363 0.8125 0
1677855984391 0.625 0
1677855984418 0.84375 0
1677855984444 0.84375 0
1677855984471 0.8125 0
1677855984497 0.78125 0
1677855984524 0.75 0
1677855984550 0.65625 0
1677855984576 0.71875 0
1677855984603 0.6875 0
1677855984629 0.75 0
1677855984656 0.8125 0
1677855984682 0.78125 0
1677855984709 0.8125 0
1677855984735 0.90625 0
1677855984761 0.65625 0
1677855984788 0.75 0
1677855984815 0.6875 0
1677855984843 0.8125 0
1677855984871 0.75 0
1677855984900 0.78125 0
1677855984928 0.78125 0
1677855984957 0.84375 0
1677855984985 0.75 0
1677855985014 0.84375 0
1677855985044 0.65625 0
1677855985071 0.78125 0
1677855985099 0.8125 0
1677855985126 0.6875 0
1677855985152 0.65625 0
1677855985179 0.875 0
1677855985205 0.71875 0
1677855985232 0.78125 0
1677855985259 0.625 0
1677855985288 0.65625 0
1677855985316 0.71875 0
1677855985343 0.90625 0
1677855985369 0.78125 0
1677855985396 0.6875 0
1677855985422 0.78125 0
1677855985449 0.75 0
1677855985475 0.75 0
1677855985501 0.78125 0
1677855985528 0.8125 0
1677855985555 0.84375 0
1677855985581 0.75 0
1677855985607 0.90625 0
1677855985634 0.71875 0
1677855985660 0.84375 0
1677855985837 0.84375 0
1677855985867 0.75 0
1677855985894 0.65625 0
1677855985921 0.75 0
1677855985947 0.875 0
1677855985973 0.71875 0
1677855986000 0.75 0
1677855986027 0.8125 0
1677855986053 0.6875 0
1677855986080 0.875 0
1677855986106 0.8125 0
1677855986133 0.875 0
1677855986159 0.65625 0
1677855986186 0.75 0
1677855986212 0.78125 0
1677855986239 0.71875 0
1677855986265 0.71875 0
1677855986292 0.78125 0
1677855986318 0.65625 0
1677855986345 0.71875 0
1677855986371 0.71875 0
1677855986398 0.75 0
1677855986425 0.65625 0
1677855986451 0.78125 0
1677855986478 0.71875 0
1677855986504 0.65625 0
1677855986529 0.5 0
1677855986715 0.7584 0
1677855987970 0.6875 0
1677855988006 0.6875 0
1677855988040 0.65625 0
1677855988083 0.6875 0
1677855988115 0.84375 0
1677855988142 0.78125 0
1677855988169 0.71875 0
1677855988197 0.8125 0
1677855988223 0.71875 0
1677855988250 0.84375 0
1677855988277 0.625 0
1677855988304 0.8125 0
1677855988330 0.78125 0
1677855988357 0.84375 0
1677855988384 0.84375 0
1677855988411 0.625 0
1677855988437 0.8125 0
1677855988464 0.78125 0
1677855988491 0.75 0
1677855988518 0.78125 0
1677855988545 0.75 0
1677855988573 0.84375 0
1677855988599 0.8125 0
1677855988626 0.65625 0
1677855988653 0.5625 0
1677855988679 0.90625 0
1677855988706 0.84375 0
1677855988733 0.9375 0
1677855988760 0.8125 0
1677855988786 0.84375 0
1677855988813 0.75 0
1677855988840 0.75 0
1677855988867 0.875 0
1677855988893 0.6875 0
1677855988920 0.78125 0
1677855988948 0.875 0
1677855988975 0.6875 0
1677855989002 0.75 0
1677855989029 0.78125 0
1677855989056 0.75 0
1677855989082 0.75 0
1677855989109 0.65625 0
1677855989135 0.75 0
1677855989162 0.84375 0
1677855989188 0.875 0
1677855989215 0.75 0
1677855989242 0.71875 0
1677855989268 0.8125 0
1677855989295 0.6875 0
1677855989321 0.65625 0
1677855989348 0.8125 0
1677855989375 0.65625 0
1677855989404 0.625 0
1677855989431 0.71875 0
1677855989458 0.625 0
1677855989485 0.8125 0
1677855989512 0.875 0
1677855989538 0.8125 0
1677855989565 0.6875 0
1677855989591 0.75 0
1677855989618 0.84375 0
1677855989645 0.90625 0
1677855989672 0.75 0
1677855989698 0.75 0
1677855989725 0.625 0
1677855989752 0.71875 0
1677855989781 0.78125 0
1677855989809 0.75 0
1677855989837 0.53125 0
1677855989866 0.75 0
1677855989894 0.71875 0
1677855989924 0.75 0
1677855989953 0.875 0
1677855989981 0.8125 0
1677855990008 0.8125 0
1677855990036 0.78125 0
1677855990063 0.75 0
1677855990089 0.78125 0
1677855990115 0.75 0
1677855990314 0.7604 0
1677855991554 0.84375 0
1677855991584 0.75 0
1677855991611 0.78125 0
1677855991640 0.8125 0
1677855991669 0.90625 0
1677855991696 0.65625 0
1677855991724 0.8125 0
1677855991753 0.78125 0
1677855991791 0.6875 0
1677855991815 0.78125 0
1677855991837 0.8125 0
1677855991859 0.78125 0
1677855991882 0.84375 0
1677855991905 0.75 0
1677855991926 0.8125 0
1677855991952 0.84375 0
1677855991979 0.75 0
1677855992154 0.78125 0
1677855992183 0.90625 0
1677855992211 0.84375 0
1677855992238 0.75 0
1677855992265 0.6875 0
1677855992291 0.78125 0
1677855992319 0.75 0
1677855992347 0.875 0
1677855992374 0.90625 0
1677855992401 0.71875 0
1677855992428 0.75 0
1677855992455 0.875 0
1677855992482 0.71875 0
1677855992509 0.71875 0
1677855992537 0.84375 0
1677855992564 0.75 0
1677855992591 0.84375 0
1677855992618 0.8125 0
1677855992646 0.71875 0
1677855992673 0.84375 0
1677855992700 0.6875 0
1677855992728 0.8125 0
1677855992755 0.75 0
1677855992782 0.8125 0
1677855992808 0.8125 0
1677855992835 0.8125 0
1677855992862 0.6875 0
1677855992889 0.8125 0
1677855992916 0.75 0
1677855992943 0.71875 0
1677855992970 0.65625 0
1677855992997 0.71875 0
1677855993025 0.75 0
1677855993055 0.75 0
1677855993083 0.6875 0
1677855993115 0.84375 0
1677855993144 0.78125 0
1677855993173 0.78125 0
1677855993203 0.875 0
1677855993232 0.75 0
1677855993261 0.875 0
1677855993290 0.71875 0
1677855993319 0.75 0
1677855993348 0.78125 0
1677855993373 0.6875 0
1677855993395 0.71875 0
1677855993417 0.75 0
1677855993441 0.84375 0
1677855993465 0.59375 0
1677855993488 0.75 0
1677855993513 0.625 0
1677855993536 0.6875 0
1677855993557 0.8125 0
1677855993579 0.75 0
1677855993605 0.71875 0
1677855993632 0.75 0
1677855993659 0.71875 0
1677855993687 0.6875 0
1677855993714 0.875 0
1677855993741 0.8125 0
1677855993768 0.78125 0
1677855993793 0.25 0
1677855993988 0.7712 0
1677855995252 0.84375 0
1677855995286 0.75 0
1677855995315 0.75 0
1677855995343 0.78125 0
1677855995371 0.84375 0
1677855995399 0.71875 0
1677855995427 0.75 0
1677855995455 0.875 0
1677855995482 0.75 0
1677855995510 0.9375 0
1677855995540 0.8125 0
1677855995569 0.84375 0
1677855995597 0.6875 0
1677855995625 0.75 0
1677855995653 0.8125 0
1677855995682 0.75 0
1677855995713 0.84375 0
1677855995742 0.625 0
1677855995918 0.84375 0
1677855995947 0.71875 0
1677855995975 0.8125 0
1677855996003 0.8125 0
1677855996030 0.875 0
1677855996058 0.65625 0
1677855996085 0.84375 0
1677855996113 0.75 0
1677855996140 0.875 0
1677855996167 0.78125 0
1677855996195 0.75 0
1677855996222 0.75 0
1677855996250 0.8125 0
1677855996277 0.78125 0
1677855996305 1.0 0
1677855996332 0.6875 0
1677855996359 0.78125 0
1677855996387 0.71875 0
1677855996414 0.90625 0
1677855996442 0.84375 0
1677855996470 0.875 0
1677855996497 0.84375 0
1677855996525 0.71875 0
1677855996552 0.84375 0
1677855996579 0.84375 0
1677855996607 0.6875 0
1677855996634 0.8125 0
1677855996661 0.75 0
1677855996688 0.875 0
1677855996716 0.78125 0
1677855996743 0.84375 0
1677855996770 0.8125 0
1677855996798 0.875 0
1677855996825 0.8125 0
1677855996852 0.90625 0
1677855996879 0.75 0
1677855996907 0.8125 0
1677855996931 0.6875 0
1677855996957 0.78125 0
1677855996985 0.65625 0
1677855997013 0.75 0
1677855997041 0.75 0
1677855997068 0.75 0
1677855997096 0.6875 0
1677855997124 0.90625 0
1677855997152 0.90625 0
1677855997180 0.78125 0
1677855997208 0.78125 0
1677855997236 0.84375 0
1677855997265 0.8125 0
1677855997293 0.9375 0
1677855997320 0.71875 0
1677855997348 0.84375 0
1677855997376 0.71875 0
1677855997404 0.84375 0
1677855997432 0.8125 0
1677855997460 0.84375 0
1677855997488 0.8125 0
1677855997518 0.6875 0
1677855997546 0.84375 0
1677855997573 0.75 0
1677855997773 0.7964 0
1677855999032 0.84375 0
1677855999060 0.75 0
1677855999084 0.8125 0
1677855999109 0.9375 0
1677855999132 0.75 0
1677855999155 0.71875 0
1677855999301 0.8125 0
1677855999331 0.71875 0
1677855999369 0.6875 0
1677855999396 0.6875 0
1677855999418 0.71875 0
1677855999443 0.8125 0
1677855999468 0.90625 0
1677855999492 0.90625 0
1677855999519 0.78125 0
1677855999543 0.8125 0
1677855999566 0.75 0
1677855999589 0.71875 0
1677855999617 0.875 0
1677855999644 0.78125 0
1677855999668 0.84375 0
1677855999695 0.75 0
1677855999720 0.65625 0
1677855999745 0.8125 0
1677855999771 0.75 0
1677855999798 0.875 0
1677855999821 0.6875 0
1677855999846 0.65625 0
1677855999871 0.6875 0
1677855999897 0.78125 0
1677855999921 0.625 0
1677855999943 0.75 0
1677855999965 0.875 0
1677855999989 0.78125 0
1677856000016 0.78125 0
1677856000040 0.6875 0
1677856000063 0.875 0
1677856000085 0.8125 0
1677856000107 0.6875 0
1677856000131 0.875 0
1677856000155 0.78125 0
1677856000176 0.8125 0
1677856000199 0.71875 0
1677856000224 0.78125 0
1677856000246 0.71875 0
1677856000272 0.71875 0
1677856000300 0.8125 0
1677856000328 0.75 0
1677856000356 0.75 0
1677856000384 0.875 0
1677856000411 0.875 0
1677856000439 0.84375 0
1677856000467 0.78125 0
1677856000495 0.78125 0
1677856000522 0.75 0
1677856000550 0.6875 0
1677856000578 0.78125 0
1677856000606 0.71875 0
1677856000634 0.75 0
1677856000662 0.84375 0
1677856000690 0.78125 0
1677856000718 0.875 0
1677856000746 0.8125 0
1677856000773 0.75 0
1677856000801 0.6875 0
1677856000829 0.78125 0
1677856000857 0.8125 0
1677856000885 0.84375 0
1677856000912 0.75 0
1677856000940 0.71875 0
1677856000968 0.8125 0
1677856000996 0.90625 0
1677856001024 0.75 0
1677856001051 0.84375 0
1677856001171 0.84375 0
1677856001201 0.8125 0
1677856001229 0.84375 0
1677856001257 0.78125 0
1677856001283 0.5 0
1677856001465 0.7812 0
1677856002717 0.84375 0
1677856002749 0.75 0
1677856002780 0.78125 0
1677856002819 0.75 0
1677856002854 0.71875 0
1677856002883 0.8125 0
1677856002912 0.84375 0
1677856002942 0.8125 0
1677856002971 0.84375 0
1677856003000 0.75 0
1677856003028 0.84375 0
1677856003057 0.78125 0
1677856003085 0.75 0
1677856003114 0.71875 0
1677856003142 0.53125 0
1677856003171 0.75 0
1677856003199 0.78125 0
1677856003228 0.6875 0
1677856003257 0.90625 0
1677856003285 0.8125 0
1677856003314 0.75 0
1677856003343 0.71875 0
1677856003371 0.75 0
1677856003400 0.65625 0
1677856003429 0.90625 0
1677856003469 0.78125 0
1677856003498 0.71875 0
1677856003527 0.84375 0
1677856003555 0.8125 0
1677856003584 0.78125 0
1677856003612 0.78125 0
1677856003641 0.8125 0
1677856003670 0.78125 0
1677856003699 0.78125 0
1677856003730 0.78125 0
1677856003760 0.6875 0
1677856003790 0.875 0
1677856003818 0.78125 0
1677856003847 0.75 0
1677856003876 0.90625 0
1677856003905 0.875 0
1677856003935 0.75 0
1677856003961 0.75 0
1677856003983 0.8125 0
1677856004007 0.84375 0
1677856004029 0.78125 0
1677856004052 0.8125 0
1677856004077 0.8125 0
1677856004099 0.8125 0
1677856004121 0.71875 0
1677856004148 0.75 0
1677856004176 0.8125 0
1677856004204 0.78125 0
1677856004232 0.8125 0
1677856004260 0.8125 0
1677856004288 0.75 0
1677856004316 0.6875 0
1677856004344 0.71875 0
1677856004372 0.90625 0
1677856004400 0.875 0
1677856004590 0.75 0
1677856004621 0.6875 0
1677856004651 0.90625 0
1677856004682 0.875 0
1677856004712 0.71875 0
1677856004742 0.6875 0
1677856004771 0.75 0
1677856004799 0.71875 0
1677856004828 0.875 0
1677856004856 0.75 0
1677856004883 0.75 0
1677856004913 0.875 0
1677856004949 0.90625 0
1677856004977 0.8125 0
1677856005005 0.8125 0
1677856005033 0.8125 0
1677856005062 0.84375 0
1677856005090 0.8125 0
1677856005116 0.25 0
1677856005315 0.7856 0
1677856006562 0.8125 0
1677856006600 0.75 0
1677856006632 0.75 0
1677856006661 0.8125 0
1677856006689 0.8125 0
1677856006718 0.875 0
1677856006746 0.71875 0
1677856006775 0.875 0
1677856006803 0.78125 0
1677856006829 0.84375 0
1677856006853 0.8125 0
1677856006880 0.6875 0
1677856006908 0.6875 0
1677856006937 0.875 0
1677856006965 0.53125 0
1677856006995 0.78125 0
1677856007023 0.6875 0
1677856007052 0.65625 0
1677856007081 0.8125 0
1677856007110 0.8125 0
1677856007139 0.8125 0
1677856007167 0.75 0
1677856007196 0.78125 0
1677856007225 0.625 0
1677856007253 0.875 0
1677856007282 0.84375 0
1677856007311 0.8125 0
1677856007339 0.78125 0
1677856007368 0.78125 0
1677856007397 0.84375 0
1677856007425 0.75 0
1677856007454 0.78125 0
1677856007483 0.8125 0
1677856007511 0.6875 0
1677856007540 0.75 0
1677856007569 0.90625 0
1677856007597 0.84375 0
1677856007626 0.84375 0
1677856007655 0.75 0
1677856007683 0.8125 0
1677856007712 0.75 0
1677856007740 0.8125 0
1677856007769 0.84375 0
1677856007797 0.84375 0
1677856007826 0.8125 0
1677856007857 0.84375 0
1677856007887 0.8125 0
1677856008064 0.8125 0
1677856008094 0.8125 0
1677856008123 0.6875 0
1677856008152 0.78125 0
1677856008180 0.78125 0
1677856008208 0.8125 0
1677856008237 0.84375 0
1677856008265 0.75 0
1677856008294 0.875 0
1677856008322 0.96875 0
1677856008351 0.6875 0
1677856008379 0.71875 0
1677856008408 0.875 0
1677856008436 0.84375 0
1677856008465 0.75 0
1677856008493 0.75 0
1677856008522 0.875 0
1677856008568 0.78125 0
1677856008596 0.8125 0
1677856008625 0.84375 0
1677856008654 0.71875 0
1677856008683 0.8125 0
1677856008711 0.59375 0
1677856008740 0.6875 0
1677856008768 0.875 0
1677856008797 0.8125 0
1677856008825 0.78125 0
1677856008854 0.8125 0
1677856008882 0.84375 0
1677856008911 0.78125 0
1677856008940 0.9375 0
1677856008966 0.5 0
1677856009190 0.79 0
1677856010501 0.84375 0
1677856010541 0.71875 0
1677856010577 0.71875 0
1677856010613 0.6875 0
1677856010646 0.90625 0
1677856010677 0.875 0
1677856010709 0.8125 0
1677856010735 0.78125 0
1677856010764 0.75 0
1677856010795 0.8125 0
1677856010829 0.8125 0
1677856010863 0.78125 0
1677856010896 0.71875 0
1677856010930 0.84375 0
1677856010965 0.78125 0
1677856010998 0.8125 0
1677856011025 0.8125 0
1677856011048 0.78125 0
1677856011075 0.75 0
1677856011104 0.8125 0
1677856011134 0.625 0
1677856011159 0.78125 0
1677856011182 0.5625 0
1677856011205 0.78125 0
1677856011229 0.75 0
1677856011253 0.84375 0
1677856011281 0.875 0
1677856011310 0.75 0
1677856011339 0.84375 0
1677856011367 0.6875 0
1677856011401 0.78125 0
1677856011430 0.8125 0
1677856011460 0.8125 0
1677856011489 0.84375 0
1677856011671 0.8125 0
1677856011702 0.9375 0
1677856011731 0.875 0
1677856011760 0.78125 0
1677856011790 0.8125 0
1677856011819 0.90625 0
1677856011848 0.84375 0
1677856011877 0.8125 0
1677856011906 0.90625 0
1677856011937 0.90625 0
1677856011968 0.8125 0
1677856011997 0.71875 0
1677856012026 0.875 0
1677856012056 0.84375 0
1677856012085 0.84375 0
1677856012114 0.875 0
1677856012143 0.78125 0
1677856012172 0.9375 0
1677856012201 0.84375 0
1677856012230 0.875 0
1677856012260 0.75 0
1677856012289 0.875 0
1677856012318 0.75 0
1677856012347 0.84375 0
1677856012376 0.75 0
1677856012405 0.8125 0
1677856012434 0.75 0
1677856012464 0.78125 0
1677856012494 0.8125 0
1677856012523 0.8125 0
1677856012552 0.8125 0
1677856012581 0.8125 0
1677856012610 0.75 0
1677856012639 0.84375 0
1677856012669 0.75 0
1677856012698 0.875 0
1677856012727 0.65625 0
1677856012756 0.71875 0
1677856012786 0.78125 0
1677856012815 0.71875 0
1677856012844 0.6875 0
1677856012874 0.78125 0
1677856012903 0.90625 0
1677856012932 0.84375 0
1677856012959 0.5 0
1677856013167 0.8 0
1677856014449 0.8125 0
1677856014481 0.6875 0
1677856014511 0.75 0
1677856014542 0.8125 0
1677856014572 0.78125 0
1677856014602 0.875 0
1677856014631 0.90625 0
1677856014662 0.78125 0
1677856014693 0.78125 0
1677856014722 0.875 0
1677856014752 0.78125 0
1677856014787 0.75 0
1677856014818 0.8125 0
1677856014847 0.65625 0
1677856014877 0.78125 0
1677856014909 0.71875 0
1677856014939 0.90625 0
1677856014968 0.875 0
1677856014998 0.9375 0
1677856015028 0.90625 0
1677856015058 0.84375 0
1677856015090 0.8125 0
1677856015124 0.875 0
1677856015156 0.75 0
1677856015187 0.6875 0
1677856015219 0.78125 0
1677856015400 0.71875 0
1677856015435 0.8125 0
1677856015465 0.84375 0
1677856015495 0.84375 0
1677856015525 0.90625 0
1677856015556 0.71875 0
1677856015587 0.8125 0
1677856015616 0.9375 0
1677856015647 0.8125 0
1677856015682 0.90625 0
1677856015711 0.84375 0
1677856015741 0.78125 0
1677856015776 0.75 0
1677856015807 0.78125 0
1677856015838 0.78125 0
1677856015869 0.9375 0
1677856015900 0.59375 0
1677856015930 0.84375 0
1677856015961 0.84375 0
1677856015990 0.84375 0
1677856016023 0.84375 0
1677856016059 0.875 0
1677856016094 0.8125 0
1677856016126 0.8125 0
1677856016160 0.9375 0
1677856016192 0.875 0
1677856016224 0.65625 0
1677856016255 0.6875 0
1677856016287 0.6875 0
1677856016318 0.71875 0
1677856016350 0.875 0
1677856016381 0.90625 0
1677856016406 0.84375 0
1677856016433 0.84375 0
1677856016463 0.8125 0
1677856016492 0.90625 0
1677856016521 0.875 0
1677856016550 0.84375 0
1677856016579 0.78125 0
1677856016608 0.8125 0
1677856016638 0.78125 0
1677856016667 0.84375 0
1677856016696 0.75 0
1677856016725 0.8125 0
1677856016754 0.78125 0
1677856016784 0.78125 0
1677856016813 0.71875 0
1677856016842 0.90625 0
1677856016871 0.875 0
1677856016900 0.78125 0
1677856016930 0.8125 0
1677856016959 0.75 0
1677856016987 0.5 0
1677856017187 0.8104 0
1677856018416 0.8125 0
1677856018456 0.875 0
1677856018488 0.71875 0
1677856018518 0.8125 0
1677856018547 0.8125 0
1677856018577 0.84375 0
1677856018607 0.8125 0
1677856018638 0.8125 0
1677856018667 0.8125 0
1677856018826 0.84375 0
1677856018850 0.875 0
1677856018876 0.8125 0
1677856018899 0.9375 0
1677856018925 0.71875 0
1677856018949 0.78125 0
1677856018977 0.8125 0
1677856019007 0.8125 0
1677856019037 0.71875 0
1677856019066 0.78125 0
1677856019093 0.75 0
1677856019122 0.875 0
1677856019151 0.78125 0
1677856019181 0.84375 0
1677856019211 0.90625 0
1677856019241 0.875 0
1677856019271 0.65625 0
1677856019301 0.8125 0
1677856019330 0.84375 0
1677856019360 0.78125 0
1677856019390 0.875 0
1677856019419 0.875 0
1677856019449 0.90625 0
1677856019479 0.90625 0
1677856019509 0.8125 0
1677856019539 0.90625 0
1677856019569 0.875 0
1677856019599 0.71875 0
1677856019628 0.75 0
1677856019658 0.8125 0
1677856019688 0.71875 0
1677856019717 0.71875 0
1677856019747 0.875 0
1677856019776 0.71875 0
1677856019806 0.90625 0
1677856019835 0.875 0
1677856019865 0.90625 0
1677856019895 0.875 0
1677856019924 0.84375 0
1677856019954 0.65625 0
1677856019983 0.75 0
1677856020013 0.78125 0
1677856020043 0.875 0
1677856020073 0.8125 0
1677856020102 0.78125 0
1677856020132 0.71875 0
1677856020164 0.6875 0
1677856020195 0.6875 0
1677856020225 0.8125 0
1677856020255 0.9375 0
1677856020284 0.75 0
1677856020314 0.78125 0
1677856020344 0.71875 0
1677856020373 0.75 0
1677856020403 0.8125 0
1677856020432 0.71875 0
1677856020462 0.75 0
1677856020492 0.78125 0
1677856020521 0.78125 0
1677856020551 0.8125 0
1677856020580 0.8125 0
1677856020610 0.8125 0
1677856020640 0.875 0
1677856020669 0.78125 0
1677856020699 0.875 0
1677856020729 0.8125 0
1677856020758 0.78125 0
1677856020788 0.6875 0
1677856020819 0.90625 0
1677856020849 0.75 0
1677856021055 0.8064 0
1677856022297 0.84375 0
1677856022336 0.78125 0
1677856022369 0.78125 0
1677856022400 0.9375 0
1677856022430 0.78125 0
1677856022460 0.875 0
1677856022491 0.84375 0
1677856022522 0.90625 0
1677856022552 0.8125 0
1677856022581 0.8125 0
1677856022611 0.75 0
1677856022642 0.875 0
1677856022672 0.78125 0
1677856022702 0.8125 0
1677856022732 0.75 0
1677856022762 0.75 0
1677856022792 0.75 0
1677856022822 0.8125 0
1677856022852 0.875 0
1677856022882 0.84375 0
1677856023045 0.6875 0
1677856023073 0.84375 0
1677856023097 0.78125 0
1677856023123 0.78125 0
1677856023153 0.78125 0
1677856023176 0.84375 0
1677856023206 0.8125 0
1677856023236 0.71875 0
1677856023266 0.78125 0
1677856023296 0.84375 0
1677856023326 0.90625 0
1677856023357 0.75 0
1677856023387 0.8125 0
1677856023417 0.90625 0
1677856023448 0.78125 0
1677856023478 0.84375 0
1677856023508 0.78125 0
1677856023538 0.8125 0
1677856023568 0.8125 0
1677856023598 0.8125 0
1677856023628 0.8125 0
1677856023658 0.875 0
1677856023688 0.78125 0
1677856023718 0.8125 0
1677856023748 0.875 0
1677856023778 0.75 0
1677856023808 0.8125 0
1677856023837 0.78125 0
1677856023867 0.75 0
1677856023897 0.90625 0
1677856023943 0.84375 0
1677856023973 0.71875 0
1677856024003 0.84375 0
1677856024033 0.78125 0
1677856024061 0.9375 0
1677856024090 0.71875 0
1677856024216 0.8125 0
1677856024249 0.78125 0
1677856024280 0.78125 0
1677856024311 0.90625 0
1677856024341 0.78125 0
1677856024371 0.71875 0
1677856024401 0.78125 0
1677856024431 0.84375 0
1677856024461 0.78125 0
1677856024491 0.71875 0
1677856024521 0.875 0
1677856024551 0.8125 0
1677856024581 0.8125 0
1677856024612 0.78125 0
1677856024642 0.78125 0
1677856024672 0.8125 0
1677856024702 0.875 0
1677856024732 0.8125 0
1677856024762 0.6875 0
1677856024792 0.875 0
1677856024822 0.84375 0
1677856024853 0.875 0
1677856024881 0.75 0
1677856025084 0.8104 0
1677856026329 0.875 0
1677856026378 0.875 0
1677856026418 0.78125 0
1677856026450 0.875 0
1677856026480 0.84375 0
1677856026510 0.8125 0
1677856026541 0.8125 0
1677856026571 0.78125 0
1677856026601 0.8125 0
1677856026631 0.90625 0
1677856026662 0.78125 0
1677856026692 0.6875 0
1677856026722 0.78125 0
1677856026753 0.875 0
1677856026785 0.90625 0
1677856026974 0.59375 0
1677856027008 0.875 0
1677856027042 0.8125 0
1677856027075 0.90625 0
1677856027109 0.90625 0
1677856027141 0.71875 0
1677856027174 0.875 0
1677856027207 0.78125 0
1677856027240 0.8125 0
1677856027273 0.71875 0
1677856027305 0.78125 0
1677856027338 0.9375 0
1677856027371 0.84375 0
1677856027404 0.65625 0
1677856027436 0.65625 0
1677856027469 0.78125 0
1677856027502 0.625 0
1677856027535 0.875 0
1677856027567 0.75 0
1677856027603 0.96875 0
1677856027636 0.75 0
1677856027669 0.875 0
1677856027702 0.8125 0
1677856027731 0.78125 0
1677856027755 0.8125 0
1677856027783 0.71875 0
1677856027814 0.96875 0
1677856027844 0.78125 0
1677856027874 0.75 0
1677856027904 0.90625 0
1677856027935 0.90625 0
1677856027965 0.8125 0
1677856027995 0.84375 0
1677856028025 0.78125 0
1677856028055 0.84375 0
1677856028086 0.875 0
1677856028116 0.75 0
1677856028146 0.8125 0
1677856028177 0.84375 0
1677856028207 0.8125 0
1677856028238 0.8125 0
1677856028268 0.875 0
1677856028298 0.84375 0
1677856028329 0.84375 0
1677856028362 0.875 0
1677856028393 0.71875 0
1677856028424 0.75 0
1677856028454 0.90625 0
1677856028484 0.84375 0
1677856028514 0.875 0
1677856028545 0.78125 0
1677856028575 0.875 0
1677856028605 0.71875 0
1677856028636 0.875 0
1677856028666 0.84375 0
1677856028696 0.90625 0
1677856028727 0.75 0
1677856028757 0.84375 0
1677856028879 0.9375 0
1677856028911 0.84375 0
1677856028941 0.78125 0
1677856028972 0.90625 0
1677856029002 0.78125 0
1677856029033 0.25 0
1677856029223 0.8184 0
1677856030458 0.8125 0
1677856030484 0.8125 0
1677856030528 0.9375 0
1677856030561 0.90625 0
1677856030590 0.71875 0
1677856030618 0.71875 0
1677856030643 0.84375 0
1677856030673 0.78125 0
1677856030698 0.8125 0
1677856030726 0.78125 0
1677856030757 0.8125 0
1677856030789 0.84375 0
1677856030822 0.78125 0
1677856030856 0.8125 0
1677856030889 0.75 0
1677856030922 0.875 0
1677856030954 0.75 0
1677856030985 0.78125 0
1677856031016 0.84375 0
1677856031047 0.90625 0
1677856031077 0.875 0
1677856031108 0.9375 0
1677856031139 0.71875 0
1677856031170 0.8125 0
1677856031200 0.84375 0
1677856031231 0.90625 0
1677856031276 0.875 0
1677856031307 0.75 0
1677856031338 0.8125 0
1677856031369 0.8125 0
1677856031545 0.8125 0
1677856031578 0.8125 0
1677856031609 0.90625 0
1677856031640 0.8125 0
1677856031670 0.875 0
1677856031701 0.8125 0
1677856031733 0.8125 0
1677856031764 0.875 0
1677856031795 0.84375 0
1677856031825 0.84375 0
1677856031856 0.71875 0
1677856031886 0.78125 0
1677856031917 0.71875 0
1677856031948 0.90625 0
1677856031972 0.71875 0
1677856031998 0.9375 0
1677856032021 0.84375 0
1677856032047 0.84375 0
1677856032076 0.84375 0
1677856032107 0.75 0
1677856032137 0.875 0
1677856032168 0.75 0
1677856032198 0.875 0
1677856032229 0.78125 0
1677856032259 0.75 0
1677856032290 0.71875 0
1677856032321 0.84375 0
1677856032351 0.8125 0
1677856032382 0.8125 0
1677856032413 0.75 0
1677856032444 0.84375 0
1677856032473 0.8125 0
1677856032497 0.90625 0
1677856032527 0.84375 0
1677856032558 0.75 0
1677856032588 0.875 0
1677856032619 0.8125 0
1677856032650 0.90625 0
1677856032774 0.8125 0
1677856032806 0.78125 0
1677856032837 0.84375 0
1677856032868 0.75 0
1677856032899 0.78125 0
1677856032930 0.84375 0
1677856032960 0.75 0
1677856032991 0.8125 0
1677856033022 0.8125 0
1677856033053 0.84375 0
1677856033082 0.25 0
1677856033277 0.8176 0
1677856034513 0.875 0
1677856034560 0.6875 0
1677856034588 0.84375 0
1677856034613 0.9375 0
1677856034640 0.8125 0
1677856034667 0.84375 0
1677856034696 0.6875 0
1677856034728 0.78125 0
1677856034759 0.84375 0
1677856034790 0.71875 0
1677856034821 0.8125 0
1677856034853 0.84375 0
1677856034884 0.75 0
1677856034914 0.8125 0
1677856034942 0.9375 0
1677856034966 0.75 0
1677856034991 0.8125 0
1677856035020 0.78125 0
1677856035051 0.84375 0
1677856035083 0.75 0
1677856035114 0.96875 0
1677856035145 0.71875 0
1677856035176 0.8125 0
1677856035207 0.8125 0
1677856035239 0.8125 0
1677856035270 0.84375 0
1677856035449 0.84375 0
1677856035482 0.90625 0
1677856035513 0.90625 0
1677856035545 0.875 0
1677856035576 0.75 0
1677856035608 0.75 0
1677856035641 0.6875 0
1677856035675 0.84375 0
1677856035708 0.8125 0
1677856035742 0.75 0
1677856035776 0.8125 0
1677856035810 0.875 0
1677856035843 0.8125 0
1677856035874 0.8125 0
1677856035907 0.71875 0
1677856035941 0.84375 0
1677856035974 0.84375 0
1677856036008 0.78125 0
1677856036041 0.84375 0
1677856036075 0.875 0
1677856036109 0.71875 0
1677856036144 0.71875 0
1677856036178 0.8125 0
1677856036211 0.90625 0
1677856036245 0.8125 0
1677856036279 0.75 0
1677856036312 0.875 0
1677856036346 0.875 0
1677856036379 0.90625 0
1677856036413 0.8125 0
1677856036447 0.75 0
1677856036480 0.78125 0
1677856036514 0.84375 0
1677856036550 0.84375 0
1677856036585 0.84375 0
1677856036618 0.75 0
1677856036654 0.875 0
1677856036780 0.84375 0
1677856036813 0.84375 0
1677856036845 0.84375 0
1677856036876 0.84375 0
1677856036908 0.8125 0
1677856036939 0.8125 0
1677856036970 0.78125 0
1677856037001 0.8125 0
1677856037032 0.78125 0
1677856037063 0.875 0
1677856037095 0.8125 0
1677856037126 0.84375 0
1677856037157 0.84375 0
1677856037188 0.90625 0
1677856037219 0.78125 0
1677856037249 0.75 0
1677856037442 0.8172 0
1677856038692 0.90625 0
1677856038731 0.78125 0
1677856038756 0.75 0
1677856038784 0.71875 0
1677856038810 0.84375 0
1677856038851 0.84375 0
1677856038892 0.90625 0
1677856038928 0.71875 0
1677856038972 0.90625 0
1677856038998 0.8125 0
1677856039024 0.78125 0
1677856039048 0.875 0
1677856039073 0.71875 0
1677856039098 0.84375 0
1677856039123 0.90625 0
1677856039148 0.875 0
1677856039174 0.875 0
1677856039200 0.875 0
1677856039227 0.90625 0
1677856039252 0.90625 0
1677856039297 0.84375 0
1677856039473 0.78125 0
1677856039506 0.75 0
1677856039537 0.84375 0
1677856039569 0.84375 0
1677856039600 0.9375 0
1677856039632 0.71875 0
1677856039663 0.875 0
1677856039695 0.84375 0
1677856039726 0.875 0
1677856039758 0.875 0
1677856039790 0.875 0
1677856039821 0.75 0
1677856039853 0.8125 0
1677856039884 0.875 0
1677856039916 0.84375 0
1677856039948 0.84375 0
1677856039979 0.78125 0
1677856040011 0.84375 0
1677856040043 0.84375 0
1677856040074 0.875 0
1677856040105 0.8125 0
1677856040136 0.8125 0
1677856040168 0.8125 0
1677856040199 0.90625 0
1677856040230 0.8125 0
1677856040261 0.8125 0
1677856040292 0.8125 0
1677856040324 0.75 0
1677856040355 0.65625 0
1677856040386 0.78125 0
1677856040418 0.875 0
1677856040450 0.8125 0
1677856040481 0.8125 0
1677856040512 0.875 0
1677856040544 0.84375 0
1677856040578 0.875 0
1677856040612 0.8125 0
1677856040647 0.75 0
1677856040681 0.78125 0
1677856040812 0.71875 0
1677856040845 0.78125 0
1677856040877 0.75 0
1677856040908 0.875 0
1677856040940 0.90625 0
1677856040971 0.75 0
1677856041002 0.8125 0
1677856041033 0.78125 0
1677856041065 0.78125 0
1677856041096 0.78125 0
1677856041128 0.84375 0
1677856041159 0.90625 0
1677856041190 0.9375 0
1677856041222 0.84375 0
1677856041253 0.71875 0
1677856041284 0.84375 0
1677856041316 0.84375 0
1677856041347 0.8125 0
1677856041377 0.75 0
1677856041577 0.8252 0
1677856042816 0.84375 0
1677856042866 0.84375 0
1677856042898 0.78125 0
1677856042925 0.78125 0
1677856042950 0.84375 0
1677856042979 0.875 0
1677856043015 0.875 0
1677856043056 0.875 0
1677856043089 0.875 0
1677856043122 0.8125 0
1677856043154 0.90625 0
1677856043187 0.71875 0
1677856043214 0.90625 0
1677856043241 0.875 0
1677856043267 0.75 0
1677856043416 0.875 0
1677856043444 0.875 0
1677856043469 0.90625 0
1677856043496 0.75 0
1677856043523 0.78125 0
1677856043553 0.8125 0
1677856043585 0.875 0
1677856043617 0.8125 0
1677856043649 0.8125 0
1677856043681 0.78125 0
1677856043713 0.75 0
1677856043745 0.71875 0
1677856043777 0.75 0
1677856043809 0.75 0
1677856043841 0.78125 0
1677856043873 0.78125 0
1677856043905 0.875 0
1677856043937 0.84375 0
1677856043969 0.8125 0
1677856044001 0.875 0
1677856044033 0.84375 0
1677856044065 0.90625 0
1677856044097 0.78125 0
1677856044129 0.84375 0
1677856044161 0.90625 0
1677856044192 0.8125 0
1677856044224 0.875 0
1677856044256 0.90625 0
1677856044287 0.8125 0
1677856044319 0.78125 0
1677856044351 0.8125 0
1677856044383 0.84375 0
1677856044429 0.75 0
1677856044460 0.78125 0
1677856044492 0.6875 0
1677856044524 0.9375 0
1677856044556 0.875 0
1677856044588 0.875 0
1677856044619 0.71875 0
1677856044750 0.6875 0
1677856044784 0.84375 0
1677856044816 0.75 0
1677856044848 0.875 0
1677856044880 0.84375 0
1677856044912 0.90625 0
1677856044943 0.8125 0
1677856044975 0.8125 0
1677856045007 0.9375 0
1677856045039 0.71875 0
1677856045071 0.84375 0
1677856045103 0.875 0
1677856045135 0.875 0
1677856045167 0.84375 0
1677856045198 0.78125 0
1677856045230 0.875 0
1677856045262 0.75 0
1677856045294 0.9375 0
1677856045325 0.875 0
1677856045357 0.8125 0
1677856045389 0.96875 0
1677856045422 0.75 0
1677856045454 0.8125 0
1677856045487 0.78125 0
1677856045520 0.75 0
1677856045745 0.8268 0
1677856047020 0.90625 0
1677856047056 0.84375 0
1677856047088 0.9375 0
1677856047121 0.84375 0
1677856047154 0.84375 0
1677856047181 0.75 0
1677856047207 0.8125 0
1677856047235 0.84375 0
1677856047259 0.8125 0
1677856047285 0.875 0
1677856047316 0.78125 0
1677856047348 0.78125 0
1677856047526 0.875 0
1677856047560 0.9375 0
1677856047592 0.875 0
1677856047625 0.78125 0
1677856047657 0.84375 0
1677856047689 0.78125 0
1677856047721 0.875 0
1677856047753 0.90625 0
1677856047785 0.90625 0
1677856047817 0.875 0
1677856047849 0.9375 0
1677856047881 0.65625 0
1677856047913 0.875 0
1677856047946 0.875 0
1677856047978 0.78125 0
1677856048010 0.875 0
1677856048042 0.9375 0
1677856048075 0.84375 0
1677856048107 0.84375 0
1677856048140 0.84375 0
1677856048172 0.6875 0
1677856048204 0.75 0
1677856048236 0.90625 0
1677856048268 0.8125 0
1677856048300 0.90625 0
1677856048332 0.75 0
1677856048365 0.8125 0
1677856048397 0.875 0
1677856048429 0.78125 0
1677856048461 0.875 0
1677856048493 0.875 0
1677856048525 0.875 0
1677856048557 0.8125 0
1677856048589 0.78125 0
1677856048621 0.75 0
1677856048744 0.90625 0
1677856048778 0.78125 0
1677856048810 0.875 0
1677856048845 0.78125 0
1677856048879 0.8125 0
1677856048911 0.96875 0
1677856048943 0.78125 0
1677856048975 0.875 0
1677856049007 0.8125 0
1677856049039 0.9375 0
1677856049072 0.8125 0
1677856049104 0.71875 0
1677856049139 0.78125 0
1677856049174 0.84375 0
1677856049209 0.8125 0
1677856049244 0.84375 0
1677856049279 0.90625 0
1677856049314 0.875 0
1677856049349 0.78125 0
1677856049383 0.6875 0
1677856049418 0.90625 0
1677856049453 0.84375 0
1677856049488 0.875 0
1677856049523 0.9375 0
1677856049558 0.875 0
1677856049592 0.78125 0
1677856049630 0.875 0
1677856049665 0.84375 0
1677856049700 0.8125 0
1677856049735 0.875 0
1677856049770 0.8125 0
1677856049803 0.5 0
1677856050002 0.8384 0
1677856051255 0.84375 0
1677856051441 0.8125 0
1677856051491 0.84375 0
1677856051532 0.84375 0
1677856051568 0.84375 0
1677856051603 0.875 0
1677856051639 0.84375 0
1677856051674 0.96875 0
1677856051705 0.8125 0
1677856051742 0.8125 0
1677856051777 0.90625 0
1677856051812 0.78125 0
1677856051847 0.90625 0
1677856051882 0.8125 0
1677856051918 0.90625 0
1677856051953 0.875 0
1677856051988 0.875 0
1677856052023 0.8125 0
1677856052058 0.875 0
1677856052093 0.90625 0
1677856052129 0.8125 0
1677856052165 0.8125 0
1677856052200 0.875 0
1677856052237 0.8125 0
1677856052273 0.875 0
1677856052308 0.9375 0
1677856052344 0.78125 0
1677856052379 0.78125 0
1677856052414 0.78125 0
1677856052449 0.90625 0
1677856052480 0.875 0
1677856052515 0.75 0
1677856052547 0.84375 0
1677856052581 0.8125 0
1677856052614 0.84375 0
1677856052646 0.84375 0
1677856052679 0.8125 0
1677856052711 0.875 0
1677856052744 0.8125 0
1677856052776 0.84375 0
1677856052809 0.75 0
1677856052841 0.9375 0
1677856052873 0.78125 0
1677856052906 0.875 0
1677856053034 0.875 0
1677856053068 0.8125 0
1677856053101 0.8125 0
1677856053133 0.90625 0
1677856053166 0.71875 0
1677856053198 0.9375 0
1677856053230 0.84375 0
1677856053263 0.78125 0
1677856053295 0.78125 0
1677856053328 0.96875 0
1677856053360 0.75 0
1677856053392 0.71875 0
1677856053425 0.875 0
1677856053457 0.90625 0
1677856053490 0.875 0
1677856053522 0.90625 0
1677856053554 0.8125 0
1677856053587 0.875 0
1677856053619 0.84375 0
1677856053652 0.875 0
1677856053685 0.6875 0
1677856053717 0.8125 0
1677856053750 0.8125 0
1677856053783 0.8125 0
1677856053815 0.75 0
1677856053848 0.78125 0
1677856053881 0.8125 0
1677856053913 0.90625 0
1677856053946 0.875 0
1677856053978 0.90625 0
1677856054011 0.84375 0
1677856054043 0.8125 0
1677856054076 0.75 0
1677856054108 0.8125 0
1677856054231 1.0 0
1677856054417 0.8392 0
1677856055682 0.9375 0
1677856055725 0.84375 0
1677856055765 0.78125 0
1677856055806 0.84375 0
1677856055846 0.8125 0
1677856055879 0.84375 0
1677856055913 0.9375 0
1677856055946 0.78125 0
1677856055979 0.8125 0
1677856056013 0.84375 0
1677856056047 0.875 0
1677856056079 0.71875 0
1677856056112 0.8125 0
1677856056145 0.84375 0
1677856056178 0.875 0
1677856056211 0.8125 0
1677856056243 0.75 0
1677856056276 0.90625 0
1677856056309 0.84375 0
1677856056341 0.78125 0
1677856056519 0.84375 0
1677856056554 0.84375 0
1677856056587 0.78125 0
1677856056620 0.875 0
1677856056653 0.84375 0
1677856056686 0.875 0
1677856056719 0.84375 0
1677856056752 0.90625 0
1677856056785 0.75 0
1677856056818 0.75 0
1677856056850 0.84375 0
1677856056883 0.84375 0
1677856056916 0.8125 0
1677856056949 0.84375 0
1677856056982 0.71875 0
1677856057015 0.90625 0
1677856057051 0.96875 0
1677856057084 0.78125 0
1677856057117 0.71875 0
1677856057151 0.875 0
1677856057183 0.90625 0
1677856057216 0.78125 0
1677856057249 0.875 0
1677856057281 0.84375 0
1677856057314 0.90625 0
1677856057347 0.90625 0
1677856057379 0.8125 0
1677856057412 0.75 0
1677856057445 0.90625 0
1677856057477 0.78125 0
1677856057510 0.8125 0
1677856057543 0.71875 0
1677856057575 0.78125 0
1677856057608 0.875 0
1677856057641 0.75 0
1677856057673 0.84375 0
1677856057706 0.9375 0
1677856057739 0.75 0
1677856057771 0.8125 0
1677856057804 0.96875 0
1677856057837 0.75 0
1677856057869 0.8125 0
1677856057902 0.875 0
1677856058026 0.90625 0
1677856058060 0.75 0
1677856058093 0.9375 0
1677856058126 0.875 0
1677856058159 0.875 0
1677856058192 0.78125 0
1677856058225 0.75 0
1677856058257 0.84375 0
1677856058290 0.90625 0
1677856058323 0.84375 0
1677856058356 0.75 0
1677856058389 0.71875 0
1677856058422 0.90625 0
1677856058455 0.90625 0
1677856058488 0.84375 0
1677856058519 0.25 0
1677856058747 0.8328 0
1677856059989 0.90625 0
1677856060043 0.78125 0
1677856060089 0.96875 0
1677856060131 0.90625 0
1677856060176 0.875 0
1677856060217 0.84375 0
1677856060259 0.78125 0
1677856060303 0.84375 0
1677856060352 0.875 0
1677856060395 0.875 0
1677856060439 0.75 0
1677856060476 0.75 0
1677856060657 0.84375 0
1677856060692 0.78125 0
1677856060726 0.875 0
1677856060759 0.78125 0
1677856060793 0.875 0
1677856060826 0.65625 0
1677856060860 0.875 0
1677856060893 0.84375 0
1677856060927 0.84375 0
1677856060958 0.90625 0
1677856060989 0.90625 0
1677856061023 0.78125 0
1677856061056 0.8125 0
1677856061089 0.8125 0
1677856061123 0.84375 0
1677856061159 0.78125 0
1677856061193 0.9375 0
1677856061226 0.90625 0
1677856061259 0.84375 0
1677856061294 0.90625 0
1677856061328 0.84375 0
1677856061362 0.8125 0
1677856061395 0.90625 0
1677856061519 0.84375 0
1677856061554 0.84375 0
1677856061588 0.78125 0
1677856061622 0.9375 0
1677856061655 0.96875 0
1677856061688 0.84375 0
1677856061721 0.8125 0
1677856061754 0.84375 0
1677856061787 0.84375 0
1677856061820 0.75 0
1677856061853 0.75 0
1677856061886 0.8125 0
1677856061919 0.9375 0
1677856061952 0.84375 0
1677856061985 0.8125 0
1677856062018 0.875 0
1677856062051 0.75 0
1677856062085 0.8125 0
1677856062118 0.9375 0
1677856062151 0.90625 0
1677856062184 0.84375 0
1677856062217 0.84375 0
1677856062250 0.90625 0
1677856062283 0.75 0
1677856062316 0.84375 0
1677856062349 0.8125 0
1677856062383 0.8125 0
1677856062416 0.96875 0
1677856062449 0.90625 0
1677856062482 0.875 0
1677856062515 0.90625 0
1677856062548 0.8125 0
1677856062581 0.78125 0
1677856062614 0.75 0
1677856062647 0.8125 0
1677856062680 0.875 0
1677856062713 0.84375 0
1677856062746 0.84375 0
1677856062780 0.875 0
1677856062813 0.75 0
1677856062847 0.90625 0
1677856062880 0.96875 0
1677856062914 0.8125 0
1677856062945 0.75 0
1677856063146 0.8452 0
1677856064530 0.9375 0
1677856064574 0.8125 0
1677856064608 0.90625 0
1677856064636 0.71875 0
1677856064664 0.6875 0
1677856064693 0.875 0
1677856064728 0.90625 0
1677856064768 0.84375 0
1677856064807 0.84375 0
1677856064850 0.90625 0
1677856064879 0.84375 0
1677856064910 0.78125 0
1677856064939 0.84375 0
1677856064968 0.78125 0
1677856065004 0.65625 0
1677856065031 0.96875 0
1677856065063 0.84375 0
1677856065104 0.90625 0
1677856065146 0.84375 0
1677856065188 0.75 0
1677856065226 0.90625 0
1677856065259 0.9375 0
1677856065287 0.84375 0
1677856065315 0.875 0
1677856065345 0.84375 0
1677856065376 0.9375 0
1677856065438 0.875 0
1677856065470 0.90625 0
1677856065502 0.875 0
1677856065527 0.90625 0
1677856065557 0.875 0
1677856065595 0.96875 0
1677856065711 0.875 0
1677856065741 0.9375 0
1677856065769 0.8125 0
1677856065797 0.6875 0
1677856065830 0.75 0
1677856065867 0.90625 0
1677856065893 0.875 0
1677856065923 0.875 0
1677856065950 0.8125 0
1677856065982 0.9375 0
1677856066016 0.75 0
1677856066050 0.8125 0
1677856066084 0.9375 0
1677856066118 0.875 0
1677856066151 0.90625 0
1677856066185 0.84375 0
1677856066219 0.9375 0
1677856066252 0.90625 0
1677856066286 0.8125 0
1677856066320 0.75 0
1677856066354 0.78125 0
1677856066388 0.71875 0
1677856066421 0.84375 0
1677856066455 0.84375 0
1677856066489 0.84375 0
1677856066523 0.84375 0
1677856066557 0.90625 0
1677856066590 0.75 0
1677856066624 0.8125 0
1677856066658 0.9375 0
1677856066692 0.78125 0
1677856066726 0.75 0
1677856066760 0.84375 0
1677856066896 0.875 0
1677856066933 0.90625 0
1677856066967 0.90625 0
1677856067001 0.84375 0
1677856067035 0.8125 0
1677856067069 0.875 0
1677856067104 0.84375 0
1677856067138 0.8125 0
1677856067171 0.84375 0
1677856067206 0.78125 0
1677856067239 0.84375 0
1677856067275 0.84375 0
1677856067311 0.875 0
1677856067344 0.75 0
1677856067569 0.8476 0
1677856068892 0.8125 0
1677856068926 0.90625 0
1677856068956 0.875 0
1677856068997 0.78125 0
1677856069025 0.9375 0
1677856069056 0.9375 0
1677856069084 0.9375 0
1677856069109 0.84375 0
1677856069138 0.875 0
1677856069168 0.65625 0
1677856069200 0.84375 0
1677856069229 0.8125 0
1677856069265 0.90625 0
1677856069292 0.875 0
1677856069455 0.84375 0
1677856069501 0.71875 0
1677856069536 0.875 0
1677856069570 0.75 0
1677856069604 0.78125 0
1677856069645 1.0 0
1677856069688 0.90625 0
1677856069730 0.90625 0
1677856069761 0.71875 0
1677856069793 0.90625 0
1677856069819 0.75 0
1677856069854 0.8125 0
1677856069893 0.9375 0
1677856069925 0.84375 0
1677856069960 0.875 0
1677856069991 0.84375 0
1677856070032 0.84375 0
1677856070061 0.8125 0
1677856070090 0.90625 0
1677856070124 0.8125 0
1677856070159 0.75 0
1677856070194 0.875 0
1677856070232 0.8125 0
1677856070267 0.71875 0
1677856070393 0.8125 0
1677856070429 0.8125 0
1677856070464 0.78125 0
1677856070498 0.84375 0
1677856070532 0.875 0
1677856070566 0.90625 0
1677856070600 0.84375 0
1677856070634 0.84375 0
1677856070668 0.875 0
1677856070702 0.90625 0
1677856070736 0.78125 0
1677856070770 0.75 0
1677856070804 0.84375 0
1677856070838 1.0 0
1677856070872 0.875 0
1677856070906 0.84375 0
1677856070940 0.75 0
1677856070975 0.875 0
1677856071009 0.84375 0
1677856071043 0.90625 0
1677856071077 0.875 0
1677856071202 0.84375 0
1677856071238 0.71875 0
1677856071273 0.84375 0
1677856071307 0.78125 0
1677856071342 0.78125 0
1677856071383 0.78125 0
1677856071418 0.8125 0
1677856071453 0.84375 0
1677856071488 0.84375 0
1677856071522 0.875 0
1677856071556 0.84375 0
1677856071586 0.875 0
1677856071613 0.96875 0
1677856071640 0.8125 0
1677856071667 0.9375 0
1677856071703 0.78125 0
1677856071739 0.84375 0
1677856071775 0.8125 0
1677856071814 0.8125 0
1677856071852 0.75 0
1677856072064 0.8416 0
1677856073310 0.75 0
1677856073355 0.78125 0
1677856073395 0.875 0
1677856073432 0.75 0
1677856073468 0.875 0
1677856073503 0.875 0
1677856073538 0.84375 0
1677856073717 0.875 0
1677856073754 0.8125 0
1677856073789 0.84375 0
1677856073823 0.78125 0
1677856073858 0.875 0
1677856073892 0.8125 0
1677856073926 0.84375 0
1677856073963 0.90625 0
1677856073998 0.8125 0
1677856074036 0.875 0
1677856074073 0.75 0
1677856074111 0.875 0
1677856074148 0.84375 0
1677856074185 0.8125 0
1677856074223 0.90625 0
1677856074260 0.9375 0
1677856074297 0.9375 0
1677856074335 0.75 0
1677856074372 0.90625 0
1677856074410 0.71875 0
1677856074447 0.8125 0
1677856074577 0.75 0
1677856074613 0.8125 0
1677856074648 0.875 0
1677856074682 0.90625 0
1677856074717 0.84375 0
1677856074751 0.875 0
1677856074786 0.84375 0
1677856074820 0.78125 0
1677856074855 0.8125 0
1677856074889 0.9375 0
1677856074924 0.90625 0
1677856074950 0.8125 0
1677856074983 0.84375 0
1677856075018 0.9375 0
1677856075052 0.9375 0
1677856075086 0.84375 0
1677856075121 0.90625 0
1677856075156 0.875 0
1677856075190 0.90625 0
1677856075224 0.875 0
1677856075258 0.8125 0
1677856075293 0.8125 0
1677856075327 0.84375 0
1677856075362 0.90625 0
1677856075396 0.9375 0
1677856075430 0.84375 0
1677856075467 0.78125 0
1677856075503 0.84375 0
1677856075537 0.78125 0
1677856075572 0.75 0
1677856075699 0.75 0
1677856075734 0.71875 0
1677856075769 0.9375 0
1677856075803 0.78125 0
1677856075838 0.84375 0
1677856075872 0.875 0
1677856075907 0.84375 0
1677856075941 0.8125 0
1677856075975 0.875 0
1677856076009 0.9375 0
1677856076044 0.9375 0
1677856076079 0.8125 0
1677856076113 0.8125 0
1677856076147 0.8125 0
1677856076182 0.84375 0
1677856076216 0.875 0
1677856076250 0.90625 0
1677856076284 0.78125 0
1677856076319 0.90625 0
1677856076353 0.9375 0
1677856076386 0.5 0
1677856076590 0.846 0
1677856077850 0.9375 0
1677856078039 0.71875 0
1677856078074 0.8125 0
1677856078109 0.71875 0
1677856078144 0.75 0
1677856078179 0.875 0
1677856078213 0.625 0
1677856078248 0.875 0
1677856078283 0.6875 0
1677856078317 0.78125 0
1677856078352 0.875 0
1677856078386 0.71875 0
1677856078420 0.96875 0
1677856078455 0.96875 0
1677856078490 0.84375 0
1677856078524 0.9375 0
1677856078559 0.84375 0
1677856078591 0.78125 0
1677856078624 0.8125 0
1677856078659 0.9375 0
1677856078695 0.8125 0
1677856078730 0.84375 0
1677856078764 0.9375 0
1677856078799 0.84375 0
1677856078834 0.8125 0
1677856078868 0.75 0
1677856078903 0.8125 0
1677856078938 0.9375 0
1677856078973 0.78125 0
1677856079008 0.9375 0
1677856079135 0.6875 0
1677856079172 0.9375 0
1677856079207 0.84375 0
1677856079241 0.8125 0
1677856079276 0.9375 0
1677856079311 0.84375 0
1677856079346 0.71875 0
1677856079381 0.90625 0
1677856079416 0.875 0
1677856079451 0.84375 0
1677856079486 0.875 0
1677856079520 0.90625 0
1677856079556 0.90625 0
1677856079593 0.9375 0
1677856079629 0.84375 0
1677856079663 0.9375 0
1677856079698 0.75 0
1677856079733 0.9375 0
1677856079768 0.9375 0
1677856079803 0.875 0
1677856079837 0.90625 0
1677856079872 0.8125 0
1677856079905 0.78125 0
1677856079930 0.75 0
1677856079959 0.9375 0
1677856080082 0.875 0
1677856080119 0.84375 0
1677856080153 0.875 0
1677856080182 0.875 0
1677856080211 0.75 0
1677856080253 0.8125 0
1677856080287 0.875 0
1677856080322 0.78125 0
1677856080357 0.9375 0
1677856080391 0.84375 0
1677856080426 0.875 0
1677856080461 1.0 0
1677856080496 0.9375 0
1677856080530 0.84375 0
1677856080565 0.90625 0
1677856080600 0.8125 0
1677856080634 0.90625 0
1677856080669 0.84375 0
1677856080704 0.875 0
1677856080739 0.90625 0
1677856080773 0.9375 0
1677856080900 0.78125 0
1677856080937 0.71875 0
1677856080970 0.75 0
1677856081175 0.8492 0
1677856082424 0.8125 0
1677856082457 0.78125 0
1677856082497 0.8125 0
1677856082527 0.75 0
1677856082556 0.90625 0
1677856082585 0.8125 0
1677856082618 0.875 0
1677856082647 0.78125 0
1677856082676 0.875 0
1677856082704 0.875 0
1677856082731 0.90625 0
1677856082764 0.875 0
1677856082800 0.90625 0
1677856082836 0.8125 0
1677856082871 0.78125 0
1677856082906 0.90625 0
1677856082942 0.8125 0
1677856082977 0.84375 0
1677856083012 0.84375 0
1677856083047 0.875 0
1677856083084 0.84375 0
1677856083123 0.90625 0
1677856083161 0.90625 0
1677856083199 0.875 0
1677856083391 0.875 0
1677856083419 0.84375 0
1677856083447 0.84375 0
1677856083475 0.875 0
1677856083509 0.84375 0
1677856083544 0.84375 0
1677856083579 0.90625 0
1677856083615 0.78125 0
1677856083652 0.78125 0
1677856083690 0.84375 0
1677856083725 0.9375 0
1677856083761 0.875 0
1677856083796 0.84375 0
1677856083831 0.8125 0
1677856083867 0.71875 0
1677856083902 0.71875 0
1677856083937 0.875 0
1677856083972 0.84375 0
1677856084007 0.8125 0
1677856084042 0.9375 0
1677856084077 0.875 0
1677856084112 0.8125 0
1677856084147 0.875 0
1677856084182 0.8125 0
1677856084218 0.84375 0
1677856084346 0.9375 0
1677856084383 0.84375 0
1677856084418 0.78125 0
1677856084453 0.90625 0
1677856084488 0.78125 0
1677856084523 0.90625 0
1677856084558 0.8125 0
1677856084593 0.84375 0
1677856084628 0.90625 0
1677856084663 0.84375 0
1677856084698 0.8125 0
1677856084733 0.875 0
1677856084769 0.84375 0
1677856084804 0.875 0
1677856084839 0.84375 0
1677856084874 0.90625 0
1677856084909 0.875 0
1677856084945 0.875 0
1677856084980 0.8125 0
1677856085016 0.8125 0
1677856085051 0.78125 0
1677856085182 0.875 0
1677856085219 0.84375 0
1677856085255 0.71875 0
1677856085290 0.875 0
1677856085326 0.9375 0
1677856085363 0.90625 0
1677856085415 0.9375 0
1677856085450 0.78125 0
1677856085484 1.0 0
1677856085694 0.8484 0
1677856086940 0.84375 0
1677856086982 0.78125 0
1677856087017 0.90625 0
1677856087045 0.84375 0
1677856087075 0.96875 0
1677856087103 0.8125 0
1677856087130 0.875 0
1677856087157 0.84375 0
1677856087186 0.90625 0
1677856087218 0.8125 0
1677856087257 0.96875 0
1677856087295 0.875 0
1677856087334 0.84375 0
1677856087372 0.96875 0
1677856087563 0.84375 0
1677856087603 0.8125 0
1677856087642 0.875 0
1677856087680 0.9375 0
1677856087719 0.90625 0
1677856087761 0.78125 0
1677856087801 0.78125 0
1677856087840 0.8125 0
1677856087879 0.71875 0
1677856087917 0.96875 0
1677856087956 0.8125 0
1677856087987 0.75 0
1677856088026 0.84375 0
1677856088065 0.75 0
1677856088104 0.875 0
1677856088143 0.8125 0
1677856088181 0.8125 0
1677856088220 0.84375 0
1677856088353 0.84375 0
1677856088394 0.84375 0
1677856088432 0.9375 0
1677856088471 0.875 0
1677856088510 0.875 0
1677856088549 0.78125 0
1677856088588 0.8125 0
1677856088626 0.84375 0
1677856088665 0.90625 0
1677856088703 0.65625 0
1677856088742 0.84375 0
1677856088770 0.84375 0
1677856088804 0.9375 0
1677856088839 0.78125 0
1677856088890 0.9375 0
1677856088925 0.9375 0
1677856088956 0.90625 0
1677856088990 0.84375 0
1677856089023 0.84375 0
1677856089056 0.84375 0
1677856089095 0.9375 0
1677856089130 0.84375 0
1677856089258 0.84375 0
1677856089295 0.84375 0
1677856089331 0.8125 0
1677856089366 0.90625 0
1677856089402 0.90625 0
1677856089437 0.84375 0
1677856089473 0.90625 0
1677856089508 0.71875 0
1677856089544 0.90625 0
1677856089579 0.78125 0
1677856089615 1.0 0
1677856089650 0.90625 0
1677856089686 0.90625 0
1677856089721 0.90625 0
1677856089757 0.71875 0
1677856089794 0.875 0
1677856089831 0.8125 0
1677856089867 0.8125 0
1677856089903 0.78125 0
1677856090030 0.8125 0
1677856090068 0.875 0
1677856090103 0.875 0
1677856090139 0.84375 0
1677856090175 0.90625 0
1677856090208 0.75 0
1677856090429 0.8532 0
1677856091682 0.8125 0
1677856091720 0.84375 0
1677856091751 1.0 0
1677856091793 0.84375 0
1677856091833 0.78125 0
1677856091873 0.8125 0
1677856091910 0.875 0
1677856091946 0.9375 0
1677856091983 0.90625 0
1677856092022 0.84375 0
1677856092067 0.84375 0
1677856092097 0.84375 0
1677856092125 0.875 0
1677856092152 0.90625 0
1677856092186 0.84375 0
1677856092369 0.8125 0
1677856092407 0.84375 0
1677856092443 0.71875 0
1677856092479 0.90625 0
1677856092515 0.90625 0
1677856092551 0.875 0
1677856092587 0.8125 0
1677856092623 0.90625 0
1677856092659 0.90625 0
1677856092695 0.75 0
1677856092731 0.9375 0
1677856092767 0.875 0
1677856092803 0.875 0
1677856092839 0.71875 0
1677856092875 0.84375 0
1677856092911 0.9375 0
1677856092947 0.9375 0
1677856092983 0.90625 0
1677856093111 0.8125 0
1677856093149 0.84375 0
1677856093185 0.84375 0
1677856093221 0.78125 0
1677856093251 0.9375 0
1677856093286 0.84375 0
1677856093322 0.9375 0
1677856093358 0.9375 0
1677856093393 0.875 0
1677856093429 0.9375 0
1677856093465 0.78125 0
1677856093501 0.84375 0
1677856093537 0.875 0
1677856093572 0.875 0
1677856093608 0.8125 0
1677856093644 0.84375 0
1677856093679 0.8125 0
1677856093715 0.96875 0
1677856093751 0.875 0
1677856093787 0.875 0
1677856093822 0.78125 0
1677856093858 0.78125 0
1677856093895 1.0 0
1677856094023 0.875 0
1677856094062 0.84375 0
1677856094101 0.84375 0
1677856094140 0.9375 0
1677856094179 0.96875 0
1677856094220 0.90625 0
1677856094259 0.71875 0
1677856094298 0.875 0
1677856094336 0.875 0
1677856094375 0.84375 0
1677856094414 0.78125 0
1677856094450 0.875 0
1677856094490 0.875 0
1677856094529 0.78125 0
1677856094567 0.84375 0
1677856094606 0.84375 0
1677856094645 0.90625 0
1677856094684 0.8125 0
1677856094723 0.875 0
1677856094851 0.84375 0
1677856094883 0.84375 0
1677856094913 0.75 0
1677856094946 0.75 0
1677856095141 0.8592 0
1677856096392 0.875 0
1677856096441 0.875 0
1677856096479 0.75 0
1677856096518 0.9375 0
1677856096562 0.84375 0
1677856096611 0.96875 0
1677856096642 0.9375 0
1677856096672 0.84375 0
1677856096716 0.75 0
1677856096749 0.90625 0
1677856096785 0.84375 0
1677856096823 0.8125 0
1677856096859 0.875 0
1677856096896 0.65625 0
1677856097081 0.875 0
1677856097120 0.875 0
1677856097156 0.75 0
1677856097193 0.65625 0
1677856097229 0.90625 0
1677856097266 0.90625 0
1677856097302 0.78125 0
1677856097338 0.8125 0
1677856097374 0.75 0
1677856097410 0.875 0
1677856097447 0.90625 0
1677856097483 0.84375 0
1677856097520 0.75 0
1677856097556 0.90625 0
1677856097593 0.84375 0
1677856097630 0.875 0
1677856097666 0.8125 0
1677856097703 0.875 0
1677856097739 0.96875 0
1677856097776 0.90625 0
1677856097812 0.71875 0
1677856097848 0.84375 0
1677856097980 0.875 0
1677856098020 0.84375 0
1677856098057 0.8125 0
1677856098094 0.78125 0
1677856098133 0.875 0
1677856098173 0.96875 0
1677856098212 0.78125 0
1677856098251 0.90625 0
1677856098291 0.96875 0
1677856098330 0.875 0
1677856098371 0.84375 0
1677856098410 0.875 0
1677856098450 0.9375 0
1677856098487 0.9375 0
1677856098523 0.84375 0
1677856098559 0.875 0
1677856098595 0.75 0
1677856098632 0.75 0
1677856098668 0.875 0
1677856098797 0.90625 0
1677856098835 0.875 0
1677856098871 0.84375 0
1677856098907 0.875 0
1677856098944 0.96875 0
1677856098980 0.65625 0
1677856099016 0.8125 0
1677856099052 0.8125 0
1677856099088 0.9375 0
1677856099125 0.875 0
1677856099161 0.8125 0
1677856099198 0.8125 0
1677856099234 0.84375 0
1677856099270 0.90625 0
1677856099307 0.8125 0
1677856099343 0.875 0
1677856099379 0.9375 0
1677856099416 0.8125 0
1677856099453 0.9375 0
1677856099489 0.875 0
1677856099525 0.90625 0
1677856099562 0.8125 0
1677856099598 0.84375 0
1677856099725 0.5 0
1677856099889 0.8512 0
1677856101137 0.9375 0
1677856101172 0.9375 0
1677856101213 0.6875 0
1677856101253 0.875 0
1677856101294 0.9375 0
1677856101338 0.9375 0
1677856101387 0.71875 0
1677856101424 0.875 0
1677856101462 0.8125 0
1677856101500 0.8125 0
1677856101539 0.875 0
1677856101578 0.875 0
1677856101618 0.875 0
1677856101658 0.84375 0
1677856101697 0.90625 0
1677856101736 0.875 0
1677856101773 0.875 0
1677856101810 0.96875 0
1677856101847 0.75 0
1677856102038 0.96875 0
1677856102081 0.84375 0
1677856102113 0.78125 0
1677856102142 0.96875 0
1677856102172 0.84375 0
1677856102206 0.78125 0
1677856102250 0.875 0
1677856102287 0.9375 0
1677856102324 0.8125 0
1677856102361 0.78125 0
1677856102397 0.84375 0
1677856102435 0.75 0
1677856102472 0.875 0
1677856102510 0.84375 0
1677856102547 1.0 0
1677856102584 0.75 0
1677856102620 0.875 0
1677856102657 0.71875 0
1677856102693 0.8125 0
1677856102824 0.84375 0
1677856102862 0.78125 0
1677856102898 0.9375 0
1677856102935 0.84375 0
1677856102971 0.9375 0
1677856103008 0.8125 0
1677856103044 0.84375 0
1677856103080 0.84375 0
1677856103117 0.9375 0
1677856103153 0.84375 0
1677856103189 0.90625 0
1677856103226 0.875 0
1677856103262 0.96875 0
1677856103299 0.84375 0
1677856103336 0.71875 0
1677856103372 0.8125 0
1677856103408 0.78125 0
1677856103445 0.9375 0
1677856103481 0.9375 0
1677856103517 0.71875 0
1677856103554 0.90625 0
1677856103591 0.9375 0
1677856103627 0.9375 0
1677856103756 0.84375 0
1677856103794 1.0 0
1677856103831 0.90625 0
1677856103868 0.875 0
1677856103905 0.84375 0
1677856103943 0.84375 0
1677856103980 0.84375 0
1677856104017 0.90625 0
1677856104055 0.84375 0
1677856104093 0.8125 0
1677856104130 0.84375 0
1677856104169 0.875 0
1677856104207 0.75 0
1677856104244 0.875 0
1677856104281 0.90625 0
1677856104318 0.875 0
1677856104355 0.8125 0
1677856104390 0.75 0
1677856104660 0.8588 0
1677856105904 0.9375 0
1677856105939 0.84375 0
1677856105974 0.875 0
1677856106011 0.78125 0
1677856106048 0.875 0
1677856106085 0.78125 0
1677856106122 0.84375 0
1677856106158 0.90625 0
1677856106197 0.84375 0
1677856106235 0.71875 0
1677856106272 0.84375 0
1677856106309 0.90625 0
1677856106346 0.75 0
1677856106383 0.875 0
1677856106421 0.90625 0
1677856106461 0.9375 0
1677856106501 0.75 0
1677856106540 0.9375 0
1677856106580 0.84375 0
1677856106620 0.90625 0
1677856106804 0.90625 0
1677856106844 0.90625 0
1677856106880 0.9375 0
1677856106913 0.90625 0
1677856106941 0.875 0
1677856106970 0.8125 0
1677856107006 0.90625 0
1677856107043 0.9375 0
1677856107080 0.90625 0
1677856107117 0.8125 0
1677856107154 0.78125 0
1677856107191 0.9375 0
1677856107228 0.875 0
1677856107265 0.8125 0
1677856107301 0.875 0
1677856107338 0.75 0
1677856107375 0.875 0
1677856107412 0.8125 0
1677856107450 0.8125 0
1677856107487 0.78125 0
1677856107614 0.84375 0
1677856107653 0.84375 0
1677856107690 0.90625 0
1677856107727 0.84375 0
1677856107764 0.875 0
1677856107800 0.875 0
1677856107837 0.96875 0
1677856107873 0.78125 0
1677856107910 0.75 0
1677856107941 0.84375 0
1677856107976 0.75 0
1677856108012 0.90625 0
1677856108049 0.875 0
1677856108086 0.90625 0
1677856108123 0.84375 0
1677856108159 0.875 0
1677856108196 0.84375 0
1677856108235 0.90625 0
1677856108273 0.84375 0
1677856108402 0.9375 0
1677856108441 0.90625 0
1677856108478 0.90625 0
1677856108515 0.875 0
1677856108552 0.84375 0
1677856108589 0.9375 0
1677856108626 0.875 0
1677856108663 0.71875 0
1677856108700 0.75 0
1677856108736 0.84375 0
1677856108773 0.71875 0
1677856108809 0.78125 0
1677856108846 0.8125 0
1677856108883 0.90625 0
1677856108920 0.84375 0
1677856108955 0.875 0
1677856109088 0.90625 0
1677856109131 0.875 0
1677856109169 0.8125 0
1677856109204 0.5 0
1677856109407 0.8544 0
1677856110660 0.875 0
1677856110710 0.875 0
1677856110750 0.90625 0
1677856110788 0.96875 0
1677856110826 0.90625 0
1677856110863 0.875 0
1677856110901 0.875 0
1677856110938 0.8125 0
1677856110984 0.84375 0
1677856111029 0.84375 0
1677856111077 0.84375 0
1677856111275 0.90625 0
1677856111318 0.875 0
1677856111361 0.78125 0
1677856111407 0.875 0
1677856111455 0.71875 0
1677856111500 0.90625 0
1677856111547 0.875 0
1677856111594 0.75 0
1677856111638 0.9375 0
1677856111680 0.84375 0
1677856111721 0.84375 0
1677856111762 0.6875 0
1677856111803 0.84375 0
1677856111844 0.84375 0
1677856111885 0.84375 0
1677856111922 0.9375 0
1677856111954 0.84375 0
1677856112062 0.875 0
1677856112095 0.8125 0
1677856112126 0.8125 0
1677856112158 0.8125 0
1677856112186 0.84375 0
1677856112218 0.875 0
1677856112247 0.8125 0
1677856112276 0.90625 0
1677856112308 0.90625 0
1677856112339 0.71875 0
1677856112369 0.90625 0
1677856112405 0.84375 0
1677856112442 0.78125 0
1677856112480 0.8125 0
1677856112517 0.90625 0
1677856112554 0.8125 0
1677856112591 0.96875 0
1677856112628 0.96875 0
1677856112759 0.875 0
1677856112797 0.9375 0
1677856112835 0.84375 0
1677856112872 0.84375 0
1677856112909 0.8125 0
1677856112946 0.8125 0
1677856112984 0.90625 0
1677856113021 0.875 0
1677856113058 0.8125 0
1677856113095 0.78125 0
1677856113133 0.84375 0
1677856113170 0.84375 0
1677856113208 0.875 0
1677856113245 0.90625 0
1677856113282 0.96875 0
1677856113320 0.90625 0
1677856113357 0.90625 0
1677856113488 0.875 0
1677856113527 1.0 0
1677856113564 0.96875 0
1677856113601 0.9375 0
1677856113638 0.84375 0
1677856113676 0.90625 0
1677856113713 0.84375 0
1677856113750 0.84375 0
1677856113787 0.875 0
1677856113824 0.75 0
1677856113861 0.9375 0
1677856113898 0.9375 0
1677856113936 0.90625 0
1677856113973 0.8125 0
1677856114010 0.75 0
1677856114040 0.75 0
1677856114266 0.862 0
