1677855722851 0.0 0
1677855722890 0.0625 0
1677855722913 0.125 0
1677855722932 0.03125 0
1677855722951 0.03125 0
1677855722969 0.15625 0
1677855722988 0.1875 0
1677855723007 0.09375 0
1677855723029 0.15625 0
1677855723046 0.125 0
1677855723065 0.125 0
1677855723083 0.15625 0
1677855723102 0.21875 0
1677855723122 0.28125 0
1677855723144 0.15625 0
1677855723164 0.15625 0
1677855723183 0.21875 0
1677855723203 0.1875 0
1677855723223 0.3125 0
1677855723244 0.34375 0
1677855723264 0.25 0
1677855723284 0.25 0
1677855723304 0.1875 0
1677855723323 0.0625 0
1677855723343 0.28125 0
1677855723363 0.25 0
1677855723382 0.3125 0
1677855723402 0.1875 0
1677855723421 0.25 0
1677855723441 0.21875 0
1677855723461 0.21875 0
1677855723481 0.25 0
1677855723501 0.1875 0
1677855723521 0.09375 0
1677855723541 0.28125 0
1677855723561 0.21875 0
1677855723580 0.3125 0
1677855723600 0.21875 0
1677855723620 0.21875 0
1677855723639 0.375 0
1677855723659 0.28125 0
1677855723678 0.3125 0
1677855723698 0.1875 0
1677855723716 0.28125 0
1677855723735 0.1875 0
1677855723753 0.34375 0
1677855723771 0.375 0
1677855723791 0.15625 0
1677855723810 0.34375 0
1677855723830 0.34375 0
1677855723850 0.3125 0
1677855723869 0.34375 0
1677855723889 0.34375 0
1677855723908 0.3125 0
1677855723928 0.28125 0
1677855723947 0.1875 0
1677855723967 0.25 0
1677855723987 0.3125 0
1677855724006 0.3125 0
1677855724026 0.25 0
1677855724046 0.375 0
1677855724065 0.28125 0
1677855724085 0.25 0
1677855724104 0.125 0
1677855724124 0.3125 0
1677855724144 0.3125 0
1677855724163 0.1875 0
1677855724183 0.25 0
1677855724203 0.28125 0
1677855724222 0.40625 0
1677855724242 0.3125 0
1677855724262 0.40625 0
1677855724282 0.28125 0
1677855724301 0.40625 0
1677855724321 0.59375 0
1677855724341 0.375 0
1677855724361 0.40625 0
1677855724380 0.375 0
1677855724398 0.5 0
1677855724556 0.2492 0
1677855725772 0.40625 0
1677855725799 0.46875 0
1677855725828 0.375 0
1677855725861 0.3125 0
1677855725883 0.34375 0
1677855725903 0.25 0
1677855725925 0.4375 0
1677855725946 0.46875 0
1677855725966 0.3125 0
1677855725986 0.1875 0
1677855726007 0.21875 0
1677855726027 0.3125 0
1677855726047 0.40625 0
1677855726071 0.40625 0
1677855726091 0.53125 0
1677855726112 0.40625 0
1677855726131 0.4375 0
1677855726151 0.375 0
1677855726171 0.1875 0
1677855726191 0.3125 0
1677855726211 0.375 0
1677855726231 0.40625 0
1677855726251 0.5 0
1677855726271 0.375 0
1677855726291 0.25 0
1677855726311 0.59375 0
1677855726331 0.40625 0
1677855726351 0.28125 0
1677855726371 0.46875 0
1677855726391 0.5 0
1677855726411 0.3125 0
1677855726431 0.40625 0
1677855726451 0.3125 0
1677855726472 0.5 0
1677855726492 0.4375 0
1677855726512 0.25 0
1677855726532 0.375 0
1677855726552 0.3125 0
1677855726573 0.34375 0
1677855726593 0.40625 0
1677855726613 0.34375 0
1677855726633 0.375 0
1677855726653 0.46875 0
1677855726672 0.375 0
1677855726692 0.3125 0
1677855726712 0.40625 0
1677855726732 0.375 0
1677855726752 0.40625 0
1677855726772 0.34375 0
1677855726792 0.46875 0
1677855726812 0.375 0
1677855726832 0.46875 0
1677855726852 0.53125 0
1677855726872 0.5 0
1677855726892 0.375 0
1677855726912 0.59375 0
1677855726935 0.375 0
1677855726978 0.28125 0
1677855726998 0.5 0
1677855727018 0.5 0
1677855727038 0.46875 0
1677855727058 0.3125 0
1677855727078 0.46875 0
1677855727098 0.53125 0
1677855727118 0.46875 0
1677855727138 0.46875 0
1677855727158 0.46875 0
1677855727178 0.375 0
1677855727198 0.53125 0
1677855727218 0.34375 0
1677855727240 0.4375 0
1677855727260 0.28125 0
1677855727280 0.5 0
1677855727301 0.53125 0
1677855727321 0.46875 0
1677855727342 0.46875 0
1677855727363 0.5625 0
1677855727384 0.4375 0
1677855727404 0.5 0
1677855727586 0.4036 0
1677855728785 0.53125 0
1677855728816 0.3125 0
1677855728854 0.53125 0
1677855728883 0.4375 0
1677855728904 0.4375 0
1677855728936 0.53125 0
1677855728960 0.5 0
1677855728980 0.375 0
1677855729001 0.5 0
1677855729021 0.53125 0
1677855729042 0.375 0
1677855729062 0.4375 0
1677855729083 0.5 0
1677855729104 0.59375 0
1677855729124 0.4375 0
1677855729145 0.53125 0
1677855729165 0.53125 0
1677855729185 0.3125 0
1677855729205 0.6875 0
1677855729226 0.3125 0
1677855729247 0.4375 0
1677855729267 0.59375 0
1677855729289 0.40625 0
1677855729309 0.5 0
1677855729330 0.53125 0
1677855729350 0.5 0
1677855729372 0.40625 0
1677855729393 0.46875 0
1677855729413 0.5625 0
1677855729434 0.34375 0
1677855729455 0.5625 0
1677855729474 0.375 0
1677855729495 0.40625 0
1677855729515 0.46875 0
1677855729536 0.375 0
1677855729556 0.4375 0
1677855729576 0.4375 0
1677855729596 0.375 0
1677855729617 0.46875 0
1677855729637 0.5625 0
1677855729657 0.625 0
1677855729677 0.53125 0
1677855729697 0.5625 0
1677855729717 0.3125 0
1677855729737 0.34375 0
1677855729757 0.59375 0
1677855729778 0.53125 0
1677855729798 0.53125 0
1677855729818 0.4375 0
1677855729838 0.59375 0
1677855729858 0.46875 0
1677855729878 0.4375 0
1677855729898 0.46875 0
1677855729919 0.53125 0
1677855729939 0.40625 0
1677855729959 0.53125 0
1677855729979 0.5625 0
1677855730000 0.5 0
1677855730020 0.5625 0
1677855730040 0.5625 0
1677855730060 0.59375 0
1677855730080 0.8125 0
1677855730101 0.5625 0
1677855730121 0.625 0
1677855730141 0.46875 0
1677855730161 0.59375 0
1677855730181 0.53125 0
1677855730201 0.5 0
1677855730222 0.4375 0
1677855730242 0.46875 0
1677855730262 0.5 0
1677855730287 0.5625 0
1677855730311 0.40625 0
1677855730339 0.6875 0
1677855730366 0.375 0
1677855730386 0.46875 0
1677855730406 0.3125 0
1677855730427 0.53125 0
1677855730445 0.25 0
1677855730613 0.4888 0
1677855731834 0.5625 0
1677855731865 0.625 0
1677855731893 0.59375 0
1677855731914 0.625 0
1677855731936 0.5625 0
1677855731960 0.5625 0
1677855731981 0.5625 0
1677855732001 0.59375 0
1677855732022 0.53125 0
1677855732045 0.46875 0
1677855732082 0.34375 0
1677855732103 0.53125 0
1677855732125 0.65625 0
1677855732145 0.625 0
1677855732166 0.5625 0
1677855732186 0.59375 0
1677855732207 0.59375 0
1677855732228 0.59375 0
1677855732248 0.40625 0
1677855732269 0.625 0
1677855732289 0.5 0
1677855732310 0.46875 0
1677855732332 0.5 0
1677855732354 0.5625 0
1677855732376 0.5625 0
1677855732398 0.46875 0
1677855732420 0.53125 0
1677855732442 0.53125 0
1677855732465 0.65625 0
1677855732487 0.53125 0
1677855732510 0.59375 0
1677855732532 0.65625 0
1677855732554 0.4375 0
1677855732575 0.40625 0
1677855732596 0.46875 0
1677855732617 0.65625 0
1677855732638 0.5 0
1677855732659 0.625 0
1677855732686 0.65625 0
1677855732711 0.59375 0
1677855732735 0.59375 0
1677855732758 0.4375 0
1677855732779 0.625 0
1677855732800 0.65625 0
1677855732820 0.5625 0
1677855732841 0.5 0
1677855732862 0.625 0
1677855732882 0.4375 0
1677855732903 0.5 0
1677855732923 0.65625 0
1677855732944 0.59375 0
1677855732965 0.6875 0
1677855732986 0.65625 0
1677855733010 0.5 0
1677855733035 0.28125 0
1677855733059 0.53125 0
1677855733082 0.5625 0
1677855733105 0.59375 0
1677855733129 0.5 0
1677855733154 0.3125 0
1677855733179 0.46875 0
1677855733202 0.46875 0
1677855733224 0.625 0
1677855733246 0.5 0
1677855733267 0.625 0
1677855733289 0.6875 0
1677855733311 0.5625 0
1677855733334 0.53125 0
1677855733358 0.53125 0
1677855733384 0.53125 0
1677855733409 0.625 0
1677855733431 0.59375 0
1677855733454 0.5625 0
1677855733476 0.40625 0
1677855733497 0.65625 0
1677855733518 0.65625 0
1677855733539 0.65625 0
1677855733560 0.6875 0
1677855733578 0.25 0
1677855733778 0.5548 0
1677855735034 0.5625 0
1677855735077 0.5625 0
1677855735102 0.625 0
1677855735124 0.40625 0
1677855735146 0.5 0
1677855735167 0.5 0
1677855735189 0.65625 0
1677855735208 0.6875 0
1677855735226 0.53125 0
1677855735250 0.4375 0
1677855735271 0.65625 0
1677855735292 0.625 0
1677855735312 0.5625 0
1677855735335 0.625 0
1677855735358 0.625 0
1677855735380 0.5625 0
1677855735402 0.5 0
1677855735439 0.71875 0
1677855735461 0.625 0
1677855735482 0.40625 0
1677855735504 0.59375 0
1677855735526 0.6875 0
1677855735552 0.59375 0
1677855735574 0.5625 0
1677855735596 0.59375 0
1677855735617 0.65625 0
1677855735639 0.5625 0
1677855735664 0.46875 0
1677855735692 0.5 0
1677855735713 0.59375 0
1677855735734 0.6875 0
1677855735756 0.65625 0
1677855735777 0.65625 0
1677855735803 0.75 0
1677855735824 0.65625 0
1677855735845 0.46875 0
1677855735866 0.4375 0
1677855735887 0.75 0
1677855735908 0.53125 0
1677855735929 0.65625 0
1677855735950 0.53125 0
1677855735979 0.6875 0
1677855736006 0.65625 0
1677855736034 0.71875 0
1677855736062 0.5625 0
1677855736083 0.59375 0
1677855736104 0.5625 0
1677855736125 0.4375 0
1677855736146 0.65625 0
1677855736167 0.625 0
1677855736188 0.59375 0
1677855736209 0.53125 0
1677855736230 0.5625 0
1677855736251 0.6875 0
1677855736272 0.75 0
1677855736293 0.625 0
1677855736314 0.5625 0
1677855736335 0.65625 0
1677855736356 0.5 0
1677855736377 0.5 0
1677855736398 0.5625 0
1677855736419 0.5625 0
1677855736440 0.75 0
1677855736462 0.625 0
1677855736483 0.65625 0
1677855736504 0.59375 0
1677855736533 0.4375 0
1677855736563 0.625 0
1677855736589 0.59375 0
1677855736618 0.5 0
1677855736646 0.5 0
1677855736674 0.65625 0
1677855736703 0.5 0
1677855736733 0.625 0
1677855736755 0.65625 0
1677855736777 0.5625 0
1677855736803 0.71875 0
1677855736831 0.53125 0
1677855736862 0.5 0
1677855737051 0.5908 0
1677855738336 0.75 0
1677855738361 0.71875 0
1677855738383 0.5 0
1677855738405 0.5625 0
1677855738426 0.59375 0
1677855738449 0.65625 0
1677855738476 0.53125 0
1677855738498 0.65625 0
1677855738519 0.46875 0
1677855738541 0.65625 0
1677855738563 0.5 0
1677855738585 0.59375 0
1677855738607 0.5 0
1677855738628 0.625 0
1677855738650 0.59375 0
1677855738678 0.65625 0
1677855738701 0.6875 0
1677855738722 0.625 0
1677855738744 0.34375 0
1677855738765 0.4375 0
1677855738788 0.53125 0
1677855738809 0.625 0
1677855738831 0.5625 0
1677855738851 0.59375 0
1677855738871 0.59375 0
1677855738891 0.625 0
1677855738914 0.59375 0
1677855738933 0.53125 0
1677855738952 0.625 0
1677855738970 0.5625 0
1677855738991 0.5 0
1677855739012 0.625 0
1677855739034 0.6875 0
1677855739055 0.65625 0
1677855739077 0.6875 0
1677855739098 0.75 0
1677855739120 0.4375 0
1677855739141 0.5625 0
1677855739163 0.625 0
1677855739184 0.6875 0
1677855739205 0.65625 0
1677855739226 0.65625 0
1677855739248 0.71875 0
1677855739269 0.625 0
1677855739290 0.53125 0
1677855739311 0.59375 0
1677855739333 0.59375 0
1677855739354 0.71875 0
1677855739375 0.4375 0
1677855739396 0.71875 0
1677855739418 0.65625 0
1677855739439 0.625 0
1677855739460 0.71875 0
1677855739481 0.71875 0
1677855739503 0.71875 0
1677855739526 0.65625 0
1677855739548 0.5 0
1677855739569 0.625 0
1677855739592 0.59375 0
1677855739614 0.5625 0
1677855739636 0.75 0
1677855739657 0.6875 0
1677855739679 0.46875 0
1677855739700 0.5625 0
1677855739722 0.6875 0
1677855739743 0.625 0
1677855739764 0.59375 0
1677855739786 0.65625 0
1677855739807 0.5625 0
1677855739828 0.71875 0
1677855739850 0.53125 0
1677855739871 0.4375 0
1677855739892 0.6875 0
1677855739914 0.625 0
1677855739935 0.78125 0
1677855739957 0.59375 0
1677855739978 0.5625 0
1677855739999 0.625 0
1677855740019 0.5 0
1677855740217 0.6088 0
1677855741418 0.625 0
1677855741470 0.6875 0
1677855741503 0.59375 0
1677855741529 0.5625 0
1677855741552 0.53125 0
1677855741583 0.65625 0
1677855741617 0.78125 0
1677855741647 0.6875 0
1677855741676 0.8125 0
1677855741698 0.46875 0
1677855741719 0.625 0
1677855741741 0.65625 0
1677855741763 0.65625 0
1677855741785 0.71875 0
1677855741807 0.75 0
1677855741829 0.4375 0
1677855741850 0.59375 0
1677855741872 0.59375 0
1677855741894 0.5625 0
1677855741916 0.59375 0
1677855741937 0.65625 0
1677855741959 0.6875 0
1677855741981 0.65625 0
1677855742003 0.65625 0
1677855742025 0.59375 0
1677855742047 0.65625 0
1677855742069 0.71875 0
1677855742090 0.46875 0
1677855742112 0.625 0
1677855742134 0.65625 0
1677855742156 0.625 0
1677855742178 0.6875 0
1677855742199 0.59375 0
1677855742221 0.75 0
1677855742243 0.75 0
1677855742265 0.6875 0
1677855742287 0.71875 0
1677855742328 0.6875 0
1677855742350 0.625 0
1677855742372 0.40625 0
1677855742394 0.59375 0
1677855742415 0.75 0
1677855742437 0.78125 0
1677855742459 0.65625 0
1677855742481 0.5 0
1677855742502 0.75 0
1677855742524 0.625 0
1677855742546 0.65625 0
1677855742567 0.625 0
1677855742589 0.625 0
1677855742611 0.625 0
1677855742633 0.625 0
1677855742654 0.625 0
1677855742676 0.625 0
1677855742698 0.5625 0
1677855742720 0.5625 0
1677855742742 0.53125 0
1677855742764 0.625 0
1677855742785 0.53125 0
1677855742807 0.5625 0
1677855742829 0.5625 0
1677855742851 0.59375 0
1677855742873 0.71875 0
1677855742894 0.65625 0
1677855742916 0.8125 0
1677855742938 0.5625 0
1677855742960 0.75 0
1677855742982 0.75 0
1677855743003 0.53125 0
1677855743025 0.71875 0
1677855743047 0.75 0
1677855743069 0.65625 0
1677855743091 0.625 0
1677855743112 0.5625 0
1677855743134 0.78125 0
1677855743156 0.75 0
1677855743178 0.5625 0
1677855743200 0.78125 0
1677855743220 0.75 0
1677855743408 0.642 0
1677855744608 0.625 0
1677855744643 0.6875 0
1677855744665 0.6875 0
1677855744694 0.65625 0
1677855744724 0.625 0
1677855744756 0.6875 0
1677855744786 0.59375 0
1677855744816 0.625 0
1677855744846 0.65625 0
1677855744876 0.53125 0
1677855744905 0.6875 0
1677855744935 0.71875 0
1677855744958 0.59375 0
1677855744981 0.5625 0
1677855745004 0.625 0
1677855745026 0.6875 0
1677855745048 0.53125 0
1677855745070 0.71875 0
1677855745092 0.625 0
1677855745114 0.75 0
1677855745137 0.6875 0
1677855745159 0.59375 0
1677855745181 0.5625 0
1677855745203 0.625 0
1677855745225 0.53125 0
1677855745247 0.71875 0
1677855745269 0.75 0
1677855745292 0.59375 0
1677855745314 0.6875 0
1677855745336 0.75 0
1677855745359 0.6875 0
1677855745381 0.65625 0
1677855745403 0.65625 0
1677855745426 0.625 0
1677855745448 0.65625 0
1677855745470 0.6875 0
1677855745492 0.59375 0
1677855745515 0.65625 0
1677855745537 0.5 0
1677855745559 0.6875 0
1677855745581 0.65625 0
1677855745603 0.4375 0
1677855745625 0.59375 0
1677855745647 0.5625 0
1677855745670 0.625 0
1677855745692 0.59375 0
1677855745715 0.5625 0
1677855745738 0.6875 0
1677855745761 0.78125 0
1677855745783 0.8125 0
1677855745805 0.6875 0
1677855745827 0.875 0
1677855745849 0.625 0
1677855745871 0.53125 0
1677855745893 0.625 0
1677855745915 0.625 0
1677855745937 0.59375 0
1677855745959 0.65625 0
1677855745981 0.6875 0
1677855746003 0.75 0
1677855746025 0.59375 0
1677855746047 0.8125 0
1677855746069 0.59375 0
1677855746091 0.65625 0
1677855746113 0.78125 0
1677855746136 0.59375 0
1677855746158 0.65625 0
1677855746180 0.4375 0
1677855746202 0.65625 0
1677855746224 0.71875 0
1677855746246 0.625 0
1677855746268 0.53125 0
1677855746290 0.6875 0
1677855746312 0.625 0
1677855746334 0.84375 0
1677855746356 0.78125 0
1677855746378 0.6875 0
1677855746400 0.75 0
1677855746420 0.0 0
1677855746624 0.65 0
1677855747888 0.625 0
1677855747912 0.65625 0
1677855747935 0.59375 0
1677855747957 0.65625 0
1677855747981 0.75 0
1677855748003 0.6875 0
1677855748028 0.84375 0
1677855748051 0.6875 0
1677855748075 0.6875 0
1677855748097 0.78125 0
1677855748120 0.5625 0
1677855748142 0.78125 0
1677855748164 0.625 0
1677855748187 0.625 0
1677855748209 0.71875 0
1677855748231 0.59375 0
1677855748254 0.6875 0
1677855748276 0.875 0
1677855748298 0.59375 0
1677855748321 0.875 0
1677855748343 0.6875 0
1677855748365 0.59375 0
1677855748387 0.75 0
1677855748410 0.5625 0
1677855748432 0.78125 0
1677855748456 0.53125 0
1677855748480 0.5625 0
1677855748504 0.59375 0
1677855748528 0.65625 0
1677855748552 0.75 0
1677855748576 0.75 0
1677855748601 0.8125 0
1677855748625 0.59375 0
1677855748650 0.8125 0
1677855748673 0.8125 0
1677855748696 0.71875 0
1677855748719 0.71875 0
1677855748742 0.625 0
1677855748765 0.625 0
1677855748788 0.75 0
1677855748810 0.65625 0
1677855748832 0.59375 0
1677855748855 0.71875 0
1677855748877 0.71875 0
1677855748899 0.625 0
1677855748921 0.78125 0
1677855748944 0.6875 0
1677855748966 0.71875 0
1677855748988 0.625 0
1677855749011 0.71875 0
1677855749033 0.71875 0
1677855749055 0.6875 0
1677855749077 0.78125 0
1677855749100 0.625 0
1677855749122 0.6875 0
1677855749144 0.78125 0
1677855749167 0.84375 0
1677855749189 0.6875 0
1677855749211 0.5625 0
1677855749234 0.75 0
1677855749256 0.65625 0
1677855749278 0.6875 0
1677855749301 0.59375 0
1677855749323 0.59375 0
1677855749345 0.59375 0
1677855749368 0.5 0
1677855749390 0.78125 0
1677855749412 0.625 0
1677855749435 0.5 0
1677855749457 0.78125 0
1677855749480 0.46875 0
1677855749502 0.78125 0
1677855749525 0.875 0
1677855749547 0.71875 0
1677855749570 0.6875 0
1677855749592 0.6875 0
1677855749615 0.78125 0
1677855749637 0.6875 0
1677855749814 0.75 0
1677855749935 0.6868 0
1677855751128 0.75 0
1677855751156 0.6875 0
1677855751195 0.6875 0
1677855751226 0.84375 0
1677855751255 0.75 0
1677855751287 0.84375 0
1677855751309 0.65625 0
1677855751330 0.8125 0
1677855751351 0.65625 0
1677855751372 0.71875 0
1677855751393 0.71875 0
1677855751414 0.78125 0
1677855751435 0.6875 0
1677855751458 0.625 0
1677855751481 0.6875 0
1677855751504 0.71875 0
1677855751526 0.71875 0
1677855751550 0.59375 0
1677855751573 0.53125 0
1677855751595 0.65625 0
1677855751618 0.53125 0
1677855751641 0.59375 0
1677855751664 0.6875 0
1677855751686 0.71875 0
1677855751709 0.625 0
1677855751732 0.78125 0
1677855751755 0.71875 0
1677855751777 0.71875 0
1677855751801 0.875 0
1677855751826 0.71875 0
1677855751850 0.5625 0
1677855751874 0.5625 0
1677855751898 0.8125 0
1677855751921 0.625 0
1677855751944 0.65625 0
1677855751966 0.59375 0
1677855751989 0.75 0
1677855752012 0.65625 0
1677855752035 0.65625 0
1677855752058 0.8125 0
1677855752081 0.75 0
1677855752103 0.8125 0
1677855752126 0.71875 0
1677855752149 0.6875 0
1677855752171 0.71875 0
1677855752194 0.75 0
1677855752216 0.59375 0
1677855752239 0.71875 0
1677855752262 0.78125 0
1677855752284 0.6875 0
1677855752307 0.6875 0
1677855752330 0.6875 0
1677855752353 0.78125 0
1677855752375 0.625 0
1677855752398 0.8125 0
1677855752421 0.65625 0
1677855752443 0.65625 0
1677855752466 0.65625 0
1677855752489 0.78125 0
1677855752511 0.75 0
1677855752535 0.71875 0
1677855752593 0.6875 0
1677855752634 0.78125 0
1677855752657 0.71875 0
1677855752680 0.65625 0
1677855752703 0.8125 0
1677855752725 0.59375 0
1677855752748 0.625 0
1677855752771 0.78125 0
1677855752794 0.71875 0
1677855752816 0.65625 0
1677855752839 0.65625 0
1677855752862 0.75 0
1677855752885 0.71875 0
1677855752907 0.65625 0
1677855752930 0.71875 0
1677855752953 0.75 0
1677855752976 0.5625 0
1677855752997 0.75 0
1677855753183 0.7008 0
1677855754393 0.75 0
1677855754433 0.71875 0
1677855754513 0.75 0
1677855754549 0.625 0
1677855754580 0.6875 0
1677855754613 0.625 0
1677855754647 0.6875 0
1677855754683 0.6875 0
1677855754708 0.71875 0
1677855754728 0.625 0
1677855754748 0.78125 0
1677855754769 0.71875 0
1677855754788 0.65625 0
1677855754811 0.6875 0
1677855754830 0.65625 0
1677855754850 0.625 0
1677855754875 0.8125 0
1677855754899 0.71875 0
1677855754923 0.84375 0
1677855754946 0.6875 0
1677855754969 0.625 0
1677855754993 0.65625 0
1677855755016 0.6875 0
1677855755039 0.71875 0
1677855755063 0.59375 0
1677855755086 0.5625 0
1677855755109 0.71875 0
1677855755133 0.875 0
1677855755157 0.8125 0
1677855755180 0.71875 0
1677855755204 0.65625 0
1677855755227 0.78125 0
1677855755250 0.75 0
1677855755274 0.875 0
1677855755297 0.6875 0
1677855755320 0.75 0
1677855755344 0.53125 0
1677855755367 0.84375 0
1677855755391 0.75 0
1677855755414 0.6875 0
1677855755437 0.6875 0
1677855755460 0.78125 0
1677855755483 0.625 0
1677855755507 0.53125 0
1677855755530 0.8125 0
1677855755553 0.59375 0
1677855755576 0.71875 0
1677855755599 0.75 0
1677855755622 0.75 0
1677855755646 0.53125 0
1677855755669 0.90625 0
1677855755692 0.71875 0
1677855755715 0.75 0
1677855755738 0.78125 0
1677855755761 0.75 0
1677855755785 0.625 0
1677855755808 0.78125 0
1677855755831 0.78125 0
1677855755854 0.65625 0
1677855755877 0.78125 0
1677855755901 0.625 0
1677855755926 0.71875 0
1677855755950 0.59375 0
1677855755975 0.84375 0
1677855755999 0.5625 0
1677855756022 0.71875 0
1677855756046 0.8125 0
1677855756069 0.65625 0
1677855756092 0.59375 0
1677855756116 0.6875 0
1677855756139 0.6875 0
1677855756162 0.75 0
1677855756185 0.71875 0
1677855756209 0.75 0
1677855756232 0.71875 0
1677855756255 0.71875 0
1677855756279 0.65625 0
1677855756302 0.8125 0
1677855756324 0.5 0
1677855756511 0.7084 0
1677855757718 0.6875 0
1677855757749 0.6875 0
1677855757779 0.6875 0
1677855757799 0.6875 0
1677855757818 0.53125 0
1677855757841 0.8125 0
1677855757865 0.78125 0
1677855757889 0.78125 0
1677855757913 0.75 0
1677855757938 0.53125 0
1677855757963 0.75 0
1677855757988 0.6875 0
1677855758013 0.75 0
1677855758037 0.71875 0
1677855758062 0.625 0
1677855758085 0.78125 0
1677855758109 0.6875 0
1677855758132 0.71875 0
1677855758156 0.6875 0
1677855758179 0.8125 0
1677855758203 0.625 0
1677855758226 0.75 0
1677855758250 0.8125 0
1677855758275 0.46875 0
1677855758300 0.71875 0
1677855758326 0.8125 0
1677855758351 0.65625 0
1677855758376 0.8125 0
1677855758401 0.84375 0
1677855758427 0.75 0
1677855758453 0.78125 0
1677855758478 0.5625 0
1677855758502 0.84375 0
1677855758527 0.78125 0
1677855758551 0.59375 0
1677855758574 0.75 0
1677855758598 0.6875 0
1677855758621 0.84375 0
1677855758645 0.71875 0
1677855758668 0.78125 0
1677855758692 0.75 0
1677855758715 0.6875 0
1677855758738 0.78125 0
1677855758762 0.6875 0
1677855758785 0.8125 0
1677855758809 0.6875 0
1677855758832 0.6875 0
1677855758855 0.71875 0
1677855758879 0.71875 0
1677855758902 0.8125 0
1677855758926 0.90625 0
1677855758949 0.75 0
1677855758972 0.75 0
1677855758996 0.625 0
1677855759019 0.5625 0
1677855759043 0.8125 0
1677855759066 0.59375 0
1677855759089 0.71875 0
1677855759113 0.625 0
1677855759136 0.625 0
1677855759160 0.78125 0
1677855759183 0.6875 0
1677855759206 0.65625 0
1677855759230 0.71875 0
1677855759253 0.59375 0
1677855759277 0.78125 0
1677855759301 0.78125 0
1677855759325 0.78125 0
1677855759348 0.75 0
1677855759372 0.84375 0
1677855759396 0.59375 0
1677855759419 0.71875 0
1677855759443 0.84375 0
1677855759467 0.65625 0
1677855759490 0.84375 0
1677855759514 0.65625 0
1677855759537 0.875 0
1677855759558 0.6875 0
1677855759577 0.0 0
1677855759750 0.7208 0
1677855760954 0.71875 0
1677855760978 0.6875 0
1677855761004 0.75 0
1677855761032 0.71875 0
1677855761068 0.71875 0
1677855761090 0.78125 0
1677855761112 0.6875 0
1677855761137 0.6875 0
1677855761162 0.84375 0
1677855761186 0.75 0
1677855761207 0.71875 0
1677855761228 0.6875 0
1677855761248 0.75 0
1677855761272 0.6875 0
1677855761294 0.8125 0
1677855761318 0.59375 0
1677855761343 0.75 0
1677855761367 0.71875 0
1677855761391 0.78125 0
1677855761414 0.78125 0
1677855761438 0.75 0
1677855761462 0.65625 0
1677855761486 0.71875 0
1677855761509 0.78125 0
1677855761533 0.84375 0
1677855761557 0.6875 0
1677855761581 0.75 0
1677855761605 0.78125 0
1677855761629 0.8125 0
1677855761653 0.6875 0
1677855761677 0.8125 0
1677855761701 0.59375 0
1677855761725 0.625 0
1677855761749 0.78125 0
1677855761773 0.75 0
1677855761797 0.75 0
1677855761821 0.625 0
1677855761844 0.78125 0
1677855761869 0.6875 0
1677855761892 0.65625 0
1677855761916 0.6875 0
1677855761940 0.75 0
1677855761961 0.75 0
1677855761985 0.84375 0
1677855762008 0.71875 0
1677855762032 0.78125 0
1677855762056 0.5625 0
1677855762081 0.6875 0
1677855762106 0.65625 0
1677855762131 0.78125 0
1677855762155 0.75 0
1677855762179 0.78125 0
1677855762203 0.84375 0
1677855762227 0.71875 0
1677855762251 0.75 0
1677855762274 0.71875 0
1677855762298 0.71875 0
1677855762322 0.84375 0
1677855762346 0.75 0
1677855762370 0.71875 0
1677855762394 0.6875 0
1677855762418 0.71875 0
1677855762442 0.65625 0
1677855762466 0.75 0
1677855762490 0.8125 0
1677855762513 0.65625 0
1677855762537 0.53125 0
1677855762561 0.59375 0
1677855762585 0.71875 0
1677855762609 0.78125 0
1677855762633 0.875 0
1677855762803 0.71875 0
1677855762829 0.8125 0
1677855762853 0.75 0
1677855762877 0.75 0
1677855762901 0.75 0
1677855762925 0.65625 0
1677855762948 0.78125 0
1677855762970 0.75 0
1677855763156 0.7304 0
1677855764357 0.71875 0
1677855764379 0.78125 0
1677855764400 0.84375 0
1677855764449 0.8125 0
1677855764473 0.84375 0
1677855764497 0.75 0
1677855764521 0.78125 0
1677855764546 0.90625 0
1677855764570 0.78125 0
1677855764594 0.78125 0
1677855764618 0.71875 0
1677855764643 0.65625 0
1677855764667 0.8125 0
1677855764691 0.84375 0
1677855764715 0.53125 0
1677855764740 0.6875 0
1677855764764 0.71875 0
1677855764788 0.65625 0
1677855764812 0.78125 0
1677855764836 0.8125 0
1677855764861 0.65625 0
1677855764885 0.84375 0
1677855764909 0.65625 0
1677855764934 0.65625 0
1677855764958 0.84375 0
1677855764983 0.6875 0
1677855765007 0.71875 0
1677855765032 0.78125 0
1677855765056 0.78125 0
1677855765080 0.71875 0
1677855765104 0.65625 0
1677855765129 0.78125 0
1677855765153 0.78125 0
1677855765177 0.84375 0
1677855765202 0.8125 0
1677855765226 0.71875 0
1677855765251 0.65625 0
1677855765275 0.625 0
1677855765299 0.75 0
1677855765324 0.6875 0
1677855765348 0.71875 0
1677855765372 0.71875 0
1677855765396 0.71875 0
1677855765420 0.78125 0
1677855765444 0.78125 0
1677855765468 0.6875 0
1677855765492 0.78125 0
1677855765517 0.6875 0
1677855765541 0.71875 0
1677855765565 0.65625 0
1677855765590 0.75 0
1677855765614 0.71875 0
1677855765638 0.78125 0
1677855765662 0.75 0
1677855765686 0.65625 0
1677855765711 0.65625 0
1677855765735 0.71875 0
1677855765760 0.75 0
1677855765784 0.4375 0
1677855765808 0.8125 0
1677855765833 0.84375 0
1677855765857 0.6875 0
1677855765881 0.84375 0
1677855765905 0.8125 0
1677855765930 0.78125 0
1677855765954 0.78125 0
1677855765978 0.75 0
1677855766002 0.78125 0
1677855766027 0.59375 0
1677855766051 0.78125 0
1677855766075 0.5625 0
1677855766100 0.75 0
1677855766124 0.71875 0
1677855766148 0.8125 0
1677855766173 0.75 0
1677855766199 0.8125 0
1677855766224 0.6875 0
1677855766250 0.71875 0
1677855766273 0.5 0
1677855766470 0.7384 0
1677855767670 0.65625 0
1677855767705 0.84375 0
1677855767732 0.8125 0
1677855767757 0.71875 0
1677855767781 0.84375 0
1677855767811 0.75 0
1677855767837 0.53125 0
1677855767857 0.875 0
1677855767877 0.78125 0
1677855767901 0.6875 0
1677855767923 0.78125 0
1677855767944 0.625 0
1677855767968 0.71875 0
1677855767988 0.875 0
1677855768008 0.71875 0
1677855768028 0.8125 0
1677855768049 0.71875 0
1677855768069 0.90625 0
1677855768090 0.625 0
1677855768112 0.84375 0
1677855768134 0.8125 0
1677855768157 0.75 0
1677855768181 0.78125 0
1677855768203 0.78125 0
1677855768233 0.75 0
1677855768265 0.8125 0
1677855768297 0.75 0
1677855768334 0.8125 0
1677855768362 0.6875 0
1677855768387 0.78125 0
1677855768410 0.6875 0
1677855768435 0.8125 0
1677855768461 0.78125 0
1677855768485 0.84375 0
1677855768510 0.75 0
1677855768535 0.65625 0
1677855768561 0.65625 0
1677855768588 0.71875 0
1677855768612 0.8125 0
1677855768639 0.78125 0
1677855768665 0.6875 0
1677855768691 0.8125 0
1677855768718 0.65625 0
1677855768744 0.6875 0
1677855768770 0.71875 0
1677855768796 0.78125 0
1677855768823 0.78125 0
1677855768849 0.75 0
1677855768875 0.625 0
1677855768897 0.8125 0
1677855768918 0.75 0
1677855768939 0.75 0
1677855768959 0.71875 0
1677855768980 0.8125 0
1677855769000 0.71875 0
1677855769021 0.65625 0
1677855769040 0.6875 0
1677855769061 0.8125 0
1677855769081 0.71875 0
1677855769101 0.75 0
1677855769124 0.78125 0
1677855769149 0.71875 0
1677855769174 0.84375 0
1677855769199 0.8125 0
1677855769223 0.53125 0
1677855769248 0.78125 0
1677855769273 0.75 0
1677855769297 0.84375 0
1677855769322 0.6875 0
1677855769347 0.875 0
1677855769371 0.75 0
1677855769396 0.8125 0
1677855769421 0.75 0
1677855769445 0.75 0
1677855769470 0.71875 0
1677855769495 0.78125 0
1677855769519 0.78125 0
1677855769544 0.75 0
1677855769567 0.75 0
1677855769731 0.7532 0
1677855770936 0.78125 0
1677855770970 0.75 0
1677855770995 0.75 0
1677855771019 0.78125 0
1677855771040 0.71875 0
1677855771060 0.84375 0
1677855771085 0.84375 0
1677855771107 0.8125 0
1677855771130 0.84375 0
1677855771150 0.6875 0
1677855771172 0.71875 0
1677855771192 0.84375 0
1677855771213 0.625 0
1677855771233 0.71875 0
1677855771254 0.6875 0
1677855771278 0.65625 0
1677855771303 0.84375 0
1677855771328 0.6875 0
1677855771353 0.71875 0
1677855771527 0.78125 0
1677855771554 0.8125 0
1677855771579 0.71875 0
1677855771604 0.84375 0
1677855771629 0.75 0
1677855771654 0.71875 0
1677855771679 0.59375 0
1677855771704 0.8125 0
1677855771729 0.8125 0
1677855771754 0.90625 0
1677855771779 0.78125 0
1677855771804 0.6875 0
1677855771829 0.6875 0
1677855771854 0.875 0
1677855771879 0.6875 0
1677855771904 0.625 0
1677855771929 0.78125 0
1677855771954 0.75 0
1677855771979 0.6875 0
1677855772004 0.75 0
1677855772029 0.6875 0
1677855772054 0.6875 0
1677855772079 0.78125 0
1677855772104 0.6875 0
1677855772128 0.9375 0
1677855772153 0.6875 0
1677855772178 0.8125 0
1677855772203 0.6875 0
1677855772228 0.6875 0
1677855772253 0.8125 0
1677855772278 0.75 0
1677855772303 0.84375 0
1677855772329 0.8125 0
1677855772355 0.84375 0
1677855772381 0.75 0
1677855772406 0.625 0
1677855772431 0.78125 0
1677855772456 0.75 0
1677855772481 0.78125 0
1677855772506 0.75 0
1677855772531 0.84375 0
1677855772556 0.8125 0
1677855772581 0.71875 0
1677855772605 0.59375 0
1677855772630 0.8125 0
1677855772655 0.75 0
1677855772680 0.78125 0
1677855772705 0.78125 0
1677855772730 0.71875 0
1677855772755 0.84375 0
1677855772780 0.90625 0
1677855772805 0.625 0
1677855772830 0.78125 0
1677855772868 0.84375 0
1677855772892 0.5625 0
1677855772917 0.78125 0
1677855772942 0.65625 0
1677855772967 0.6875 0
1677855772992 0.75 0
1677855773016 0.75 0
1677855773208 0.7536 0
1677855774432 0.71875 0
1677855774465 0.625 0
1677855774488 0.6875 0
1677855774513 0.84375 0
1677855774539 0.6875 0
1677855774565 0.78125 0
1677855774591 0.8125 0
1677855774616 0.75 0
1677855774642 0.75 0
1677855774667 0.75 0
1677855774692 0.78125 0
1677855774718 0.78125 0
1677855774744 0.9375 0
1677855774769 0.78125 0
1677855774795 0.8125 0
1677855774820 0.6875 0
1677855774846 0.71875 0
1677855774872 0.90625 0
1677855774898 0.84375 0
1677855774924 0.8125 0
1677855774949 0.75 0
1677855774975 0.6875 0
1677855775002 0.875 0
1677855775027 0.75 0
1677855775053 0.78125 0
1677855775078 0.59375 0
1677855775105 0.75 0
1677855775130 0.84375 0
1677855775156 0.6875 0
1677855775181 0.78125 0
1677855775206 0.84375 0
1677855775232 0.875 0
1677855775257 0.6875 0
1677855775282 0.875 0
1677855775307 0.78125 0
1677855775333 0.875 0
1677855775358 0.75 0
1677855775383 0.75 0
1677855775409 0.625 0
1677855775434 0.71875 0
1677855775459 0.75 0
1677855775484 0.875 0
1677855775509 0.6875 0
1677855775536 0.8125 0
1677855775563 0.78125 0
1677855775590 0.59375 0
1677855775619 0.75 0
1677855775646 0.78125 0
1677855775673 0.8125 0
1677855775854 0.75 0
1677855775883 0.625 0
1677855775913 0.78125 0
1677855775938 0.8125 0
1677855775960 0.625 0
1677855775983 0.78125 0
1677855776004 0.78125 0
1677855776024 0.84375 0
1677855776044 0.6875 0
1677855776068 0.8125 0
1677855776093 0.75 0
1677855776119 0.5625 0
1677855776144 0.75 0
1677855776169 0.75 0
1677855776194 0.78125 0
1677855776219 0.75 0
1677855776244 0.71875 0
1677855776270 0.84375 0
1677855776295 0.8125 0
1677855776320 0.75 0
1677855776345 0.78125 0
1677855776370 0.71875 0
1677855776396 0.78125 0
1677855776422 0.65625 0
1677855776449 0.8125 0
1677855776476 0.875 0
1677855776501 0.75 0
1677855776526 0.90625 0
1677855776551 0.6875 0
1677855776575 1.0 0
1677855776758 0.7636 0
1677855777965 0.78125 0
1677855777988 0.78125 0
1677855778033 0.8125 0
1677855778066 0.6875 0
1677855778091 0.65625 0
1677855778117 0.75 0
1677855778140 0.84375 0
1677855778180 0.84375 0
1677855778207 0.8125 0
1677855778235 0.90625 0
1677855778261 0.78125 0
1677855778286 0.75 0
1677855778312 0.78125 0
1677855778337 0.875 0
1677855778363 0.71875 0
1677855778388 0.6875 0
1677855778414 0.8125 0
1677855778440 0.84375 0
1677855778466 0.75 0
1677855778494 0.84375 0
1677855778520 0.875 0
1677855778546 0.6875 0
1677855778571 0.78125 0
1677855778597 0.78125 0
1677855778623 0.9375 0
1677855778648 0.875 0
1677855778674 0.6875 0
1677855778699 0.6875 0
1677855778725 0.78125 0
1677855778750 0.75 0
1677855778776 0.65625 0
1677855778801 0.78125 0
1677855778827 0.84375 0
1677855778853 0.875 0
1677855778878 0.65625 0
1677855778904 0.71875 0
1677855778929 0.75 0
1677855778955 0.90625 0
1677855778981 0.6875 0
1677855779007 0.65625 0
1677855779032 0.78125 0
1677855779058 0.78125 0
1677855779083 0.75 0
1677855779109 0.875 0
1677855779134 0.71875 0
1677855779159 0.75 0
1677855779185 0.8125 0
1677855779210 0.75 0
1677855779236 0.75 0
1677855779262 0.71875 0
1677855779289 0.8125 0
1677855779315 0.71875 0
1677855779340 0.78125 0
1677855779366 0.78125 0
1677855779391 0.75 0
1677855779417 0.75 0
1677855779442 0.59375 0
1677855779468 0.875 0
1677855779493 1.0 0
1677855779519 0.75 0
1677855779544 0.8125 0
1677855779570 0.6875 0
1677855779596 0.6875 0
1677855779621 0.75 0
1677855779647 0.875 0
1677855779672 0.8125 0
1677855779698 0.71875 0
1677855779723 0.78125 0
1677855779749 0.75 0
1677855779775 0.71875 0
1677855779801 0.71875 0
1677855779826 0.75 0
1677855779852 0.625 0
1677855779878 0.71875 0
1677855779903 0.78125 0
1677855779929 0.6875 0
1677855779955 0.75 0
1677855779981 0.875 0
1677855780005 0.5 0
1677855780221 0.77 0
1677855781425 0.8125 0
1677855781455 0.8125 0
1677855781482 0.78125 0
1677855781509 0.78125 0
1677855781536 0.875 0
1677855781563 0.75 0
1677855781589 0.90625 0
1677855781615 0.75 0
1677855781773 0.75 0
1677855781805 0.75 0
1677855781831 0.78125 0
1677855781857 0.75 0
1677855781883 0.8125 0
1677855781909 0.78125 0
1677855781935 0.8125 0
1677855781961 0.8125 0
1677855781986 0.59375 0
1677855782012 0.78125 0
1677855782038 0.71875 0
1677855782064 0.65625 0
1677855782091 0.65625 0
1677855782117 0.8125 0
1677855782143 0.9375 0
1677855782169 0.875 0
1677855782195 0.78125 0
1677855782221 0.6875 0
1677855782247 0.84375 0
1677855782273 0.8125 0
1677855782299 0.59375 0
1677855782326 0.75 0
1677855782352 0.71875 0
1677855782378 0.6875 0
1677855782404 0.78125 0
1677855782430 0.65625 0
1677855782456 0.6875 0
1677855782482 0.8125 0
1677855782508 0.6875 0
1677855782534 0.6875 0
1677855782561 0.875 0
1677855782590 0.78125 0
1677855782616 0.78125 0
1677855782643 0.8125 0
1677855782669 0.78125 0
1677855782695 0.8125 0
1677855782720 0.78125 0
1677855782746 0.78125 0
1677855782772 0.75 0
1677855782798 0.84375 0
1677855782824 0.5 0
1677855782850 0.8125 0
1677855782877 0.71875 0
1677855782904 0.71875 0
1677855782932 0.78125 0
1677855782960 0.6875 0
1677855782988 0.71875 0
1677855783016 0.875 0
1677855783044 0.78125 0
1677855783072 0.8125 0
1677855783099 0.8125 0
1677855783126 0.8125 0
1677855783152 0.78125 0
1677855783178 0.6875 0
1677855783204 0.6875 0
1677855783230 0.71875 0
1677855783257 0.65625 0
1677855783303 0.71875 0
1677855783328 0.75 0
1677855783354 0.78125 0
1677855783380 0.78125 0
1677855783406 0.8125 0
1677855783432 0.71875 0
1677855783458 0.71875 0
1677855783484 0.78125 0
1677855783510 0.75 0
1677855783536 0.78125 0
1677855783562 0.65625 0
1677855783588 0.75 0
1677855783614 0.65625 0
1677855783638 0.5 0
1677855783847 0.758 0
1677855785055 0.6875 0
1677855785086 0.75 0
1677855785113 0.71875 0
1677855785139 0.90625 0
1677855785165 0.8125 0
1677855785192 0.75 0
1677855785218 0.875 0
1677855785244 0.71875 0
1677855785271 0.6875 0
1677855785297 0.6875 0
1677855785323 0.78125 0
1677855785350 0.8125 0
1677855785376 0.84375 0
1677855785403 0.625 0
1677855785429 0.71875 0
1677855785456 0.65625 0
1677855785483 0.6875 0
1677855785509 0.75 0
1677855785536 0.71875 0
1677855785562 0.71875 0
1677855785588 0.875 0
1677855785615 0.875 0
1677855785641 0.8125 0
1677855785667 0.6875 0
1677855785690 0.8125 0
1677855785711 0.65625 0
1677855785732 0.9375 0
1677855785754 0.75 0
1677855785777 0.8125 0
1677855785801 0.9375 0
1677855785821 0.71875 0
1677855785842 0.71875 0
1677855785863 0.71875 0
1677855785888 0.75 0
1677855785914 0.75 0
1677855785941 0.9375 0
1677855785967 0.8125 0
1677855785996 0.71875 0
1677855786024 0.625 0
1677855786052 0.8125 0
1677855786081 0.84375 0
1677855786109 0.8125 0
1677855786137 0.78125 0
1677855786165 0.71875 0
1677855786193 0.75 0
1677855786223 0.84375 0
1677855786252 0.78125 0
1677855786280 0.78125 0
1677855786308 0.71875 0
1677855786336 0.90625 0
1677855786365 0.8125 0
1677855786393 0.78125 0
1677855786421 0.71875 0
1677855786600 0.78125 0
1677855786630 0.6875 0
1677855786659 0.75 0
1677855786689 0.75 0
1677855786718 0.75 0
1677855786747 0.90625 0
1677855786775 0.84375 0
1677855786804 0.84375 0
1677855786832 0.84375 0
1677855786860 0.625 0
1677855786889 0.90625 0
1677855786917 0.75 0
1677855786946 0.75 0
1677855786972 0.65625 0
1677855786998 0.84375 0
1677855787024 0.75 0
1677855787051 0.71875 0
1677855787077 0.8125 0
1677855787104 0.78125 0
1677855787130 0.75 0
1677855787156 0.8125 0
1677855787183 0.625 0
1677855787209 0.75 0
1677855787235 0.71875 0
1677855787262 0.84375 0
1677855787287 1.0 0
1677855787452 0.7712 0
1677855788682 0.71875 0
1677855788720 0.6875 0
1677855788752 0.71875 0
1677855788779 0.78125 0
1677855788808 0.78125 0
1677855788835 0.75 0
1677855788859 0.75 0
1677855788884 0.9375 0
1677855788910 0.71875 0
1677855788938 0.84375 0
1677855788965 0.875 0
1677855788996 0.75 0
1677855789017 0.84375 0
1677855789042 0.78125 0
1677855789068 0.8125 0
1677855789095 0.6875 0
1677855789119 0.96875 0
1677855789144 0.65625 0
1677855789174 0.8125 0
1677855789210 0.75 0
1677855789236 0.75 0
1677855789264 0.71875 0
1677855789292 0.78125 0
1677855789319 0.875 0
1677855789348 0.78125 0
1677855789377 0.78125 0
1677855789409 0.75 0
1677855789438 0.8125 0
1677855789477 0.71875 0
1677855789505 0.78125 0
1677855789530 0.8125 0
1677855789552 0.78125 0
1677855789574 0.6875 0
1677855789600 0.71875 0
1677855789627 0.8125 0
1677855789651 0.90625 0
1677855789674 0.75 0
1677855789696 0.78125 0
1677855789719 0.84375 0
1677855789745 0.78125 0
1677855789767 0.84375 0
1677855789790 0.84375 0
1677855789814 0.6875 0
1677855789839 0.65625 0
1677855789862 0.875 0
1677855789886 0.78125 0
1677855789909 0.75 0
1677855789933 0.78125 0
1677855789956 0.84375 0
1677855789976 0.75 0
1677855790000 0.78125 0
1677855790029 0.78125 0
1677855790064 0.90625 0
1677855790102 0.59375 0
1677855790137 0.875 0
1677855790166 0.875 0
1677855790200 0.6875 0
1677855790235 0.875 0
1677855790264 0.78125 0
1677855790296 0.78125 0
1677855790332 0.6875 0
1677855790363 0.78125 0
1677855790397 0.8125 0
1677855790424 0.78125 0
1677855790451 0.875 0
1677855790477 0.6875 0
1677855790504 0.78125 0
1677855790531 0.75 0
1677855790557 0.8125 0
1677855790584 0.84375 0
1677855790611 0.78125 0
1677855790638 0.6875 0
1677855790666 0.78125 0
1677855790693 0.71875 0
1677855790720 0.875 0
1677855790747 0.78125 0
1677855790776 0.6875 0
1677855790804 0.75 0
1677855790830 0.5 0
1677855791022 0.78 0
1677855792272 0.78125 0
1677855792301 0.8125 0
1677855792337 0.75 0
1677855792361 0.8125 0
1677855792383 0.78125 0
1677855792412 0.78125 0
1677855792442 0.8125 0
1677855792479 0.75 0
1677855792505 0.65625 0
1677855792530 0.875 0
1677855792553 0.71875 0
1677855792578 0.75 0
1677855792609 0.71875 0
1677855792637 0.75 0
1677855792664 0.6875 0
1677855792691 0.75 0
1677855792718 0.71875 0
1677855792745 0.8125 0
1677855792773 0.6875 0
1677855792801 0.875 0
1677855792980 0.75 0
1677855793009 0.8125 0
1677855793037 0.8125 0
1677855793064 0.84375 0
1677855793092 0.90625 0
1677855793120 0.75 0
1677855793147 0.75 0
1677855793174 0.78125 0
1677855793200 0.8125 0
1677855793228 0.8125 0
1677855793252 0.84375 0
1677855793274 0.6875 0
1677855793295 0.75 0
1677855793323 0.75 0
1677855793354 0.78125 0
1677855793382 0.84375 0
1677855793413 0.8125 0
1677855793448 0.875 0
1677855793493 0.78125 0
1677855793528 0.8125 0
1677855793555 0.78125 0
1677855793582 0.875 0
1677855793609 0.78125 0
1677855793637 0.78125 0
1677855793664 0.6875 0
1677855793693 0.8125 0
1677855793720 0.75 0
1677855793747 0.90625 0
1677855793774 0.78125 0
1677855793801 0.75 0
1677855793828 0.84375 0
1677855793855 0.78125 0
1677855793882 0.78125 0
1677855793909 0.71875 0
1677855793937 0.6875 0
1677855793964 0.75 0
1677855793991 0.65625 0
1677855794018 0.75 0
1677855794046 0.8125 0
1677855794073 0.78125 0
1677855794101 0.8125 0
1677855794128 0.65625 0
1677855794155 0.875 0
1677855794182 0.75 0
1677855794209 0.78125 0
1677855794236 0.65625 0
1677855794263 0.78125 0
1677855794290 0.84375 0
1677855794317 0.78125 0
1677855794345 0.9375 0
1677855794372 0.71875 0
1677855794399 0.84375 0
1677855794426 0.9375 0
1677855794453 0.8125 0
1677855794480 0.75 0
1677855794508 0.75 0
1677855794535 0.90625 0
1677855794562 0.78125 0
1677855794588 0.25 0
1677855794782 0.7824 0
1677855795981 0.6875 0
1677855796030 0.75 0
1677855796061 0.78125 0
1677855796086 0.84375 0
1677855796110 0.75 0
1677855796137 0.8125 0
1677855796165 0.90625 0
1677855796192 0.71875 0
1677855796219 0.71875 0
1677855796246 0.625 0
1677855796274 0.75 0
1677855796301 0.875 0
1677855796328 0.65625 0
1677855796355 0.75 0
1677855796383 0.78125 0
1677855796415 0.875 0
1677855796445 0.875 0
1677855796474 0.75 0
1677855796504 0.78125 0
1677855796534 0.96875 0
1677855796563 0.75 0
1677855796593 0.75 0
1677855796622 0.8125 0
1677855796803 0.71875 0
1677855796835 0.71875 0
1677855796865 0.84375 0
1677855796895 0.71875 0
1677855796927 0.90625 0
1677855796956 0.8125 0
1677855796983 0.9375 0
1677855797011 0.9375 0
1677855797039 0.8125 0
1677855797066 0.75 0
1677855797094 0.84375 0
1677855797122 0.90625 0
1677855797150 0.875 0
1677855797178 0.65625 0
1677855797206 0.78125 0
1677855797234 0.71875 0
1677855797262 0.71875 0
1677855797289 0.75 0
1677855797316 0.78125 0
1677855797344 0.8125 0
1677855797371 0.75 0
1677855797399 0.8125 0
1677855797426 0.90625 0
1677855797454 0.6875 0
1677855797481 0.71875 0
1677855797509 0.71875 0
1677855797536 0.6875 0
1677855797564 0.75 0
1677855797591 0.8125 0
1677855797619 0.71875 0
1677855797646 0.6875 0
1677855797674 0.75 0
1677855797701 0.8125 0
1677855797729 0.84375 0
1677855797755 0.71875 0
1677855797779 0.75 0
1677855797801 0.875 0
1677855797827 0.6875 0
1677855797854 0.78125 0
1677855797882 0.65625 0
1677855797909 0.84375 0
1677855797937 0.75 0
1677855797964 0.75 0
1677855797992 0.875 0
1677855798020 0.78125 0
1677855798047 0.78125 0
1677855798075 0.8125 0
1677855798102 0.875 0
1677855798129 0.6875 0
1677855798157 0.78125 0
1677855798184 0.84375 0
1677855798212 0.75 0
1677855798240 0.75 0
1677855798267 0.96875 0
1677855798294 0.84375 0
1677855798320 0.5 0
1677855798488 0.784 0
1677855799730 0.84375 0
1677855799771 0.875 0
1677855799805 0.78125 0
1677855799833 0.8125 0
1677855799861 0.875 0
1677855799889 0.8125 0
1677855799917 0.78125 0
1677855799945 0.84375 0
1677855800120 0.71875 0
1677855800150 0.8125 0
1677855800178 0.75 0
1677855800206 0.875 0
1677855800234 0.875 0
1677855800262 0.8125 0
1677855800290 0.90625 0
1677855800317 0.84375 0
1677855800345 0.875 0
1677855800373 0.78125 0
1677855800401 0.75 0
1677855800428 0.8125 0
1677855800456 0.71875 0
1677855800484 0.78125 0
1677855800512 0.75 0
1677855800540 0.875 0
1677855800568 0.71875 0
1677855800596 0.84375 0
1677855800625 0.5625 0
1677855800653 0.78125 0
1677855800680 0.75 0
1677855800708 0.8125 0
1677855800736 0.8125 0
1677855800764 0.71875 0
1677855800792 0.84375 0
1677855800820 0.90625 0
1677855800848 0.8125 0
1677855800876 0.78125 0
1677855800904 0.84375 0
1677855800932 0.75 0
1677855800960 0.875 0
1677855800988 0.625 0
1677855801018 0.75 0
1677855801047 0.6875 0
1677855801075 0.75 0
1677855801103 0.75 0
1677855801130 0.84375 0
1677855801158 0.6875 0
1677855801186 0.84375 0
1677855801214 0.6875 0
1677855801241 0.78125 0
1677855801269 0.71875 0
1677855801297 0.90625 0
1677855801325 0.75 0
1677855801353 0.9375 0
1677855801381 0.90625 0
1677855801408 0.71875 0
1677855801436 0.84375 0
1677855801464 0.78125 0
1677855801492 0.75 0
1677855801519 0.84375 0
1677855801547 0.71875 0
1677855801575 0.84375 0
1677855801603 0.65625 0
1677855801631 0.65625 0
1677855801658 0.78125 0
1677855801686 0.71875 0
1677855801714 0.75 0
1677855801742 0.78125 0
1677855801770 0.71875 0
1677855801797 0.65625 0
1677855801825 0.78125 0
1677855801853 0.90625 0
1677855801881 0.6875 0
1677855801909 0.65625 0
1677855801936 0.8125 0
1677855801964 0.84375 0
1677855801992 0.875 0
1677855802020 0.75 0
1677855802143 0.75 0
1677855802171 0.75 0
1677855802337 0.7856 0
1677855803528 0.875 0
1677855803559 0.8125 0
1677855803590 0.84375 0
1677855803617 0.75 0
1677855803640 0.6875 0
1677855803666 0.84375 0
1677855803692 0.8125 0
1677855803719 0.875 0
1677855803744 0.8125 0
1677855803789 0.75 0
1677855803820 0.875 0
1677855803851 0.71875 0
1677855803880 0.71875 0
1677855803909 0.90625 0
1677855803937 0.8125 0
1677855803965 0.625 0
1677855803994 0.78125 0
1677855804022 0.875 0
1677855804050 0.71875 0
1677855804078 0.78125 0
1677855804106 0.8125 0
1677855804134 0.75 0
1677855804162 0.71875 0
1677855804191 0.78125 0
1677855804219 0.84375 0
1677855804247 0.9375 0
1677855804275 0.75 0
1677855804303 0.8125 0
1677855804331 0.6875 0
1677855804359 0.90625 0
1677855804388 0.6875 0
1677855804416 0.75 0
1677855804444 0.84375 0
1677855804472 0.75 0
1677855804500 0.8125 0
1677855804528 0.8125 0
1677855804556 0.75 0
1677855804585 0.84375 0
1677855804613 0.8125 0
1677855804641 0.84375 0
1677855804669 0.6875 0
1677855804698 0.84375 0
1677855804726 0.8125 0
1677855804754 0.90625 0
1677855804782 0.90625 0
1677855804810 0.71875 0
1677855804838 0.625 0
1677855804866 0.84375 0
1677855804894 0.78125 0
1677855804922 0.5625 0
1677855804945 0.8125 0
1677855804967 0.84375 0
1677855804990 0.78125 0
1677855805014 0.78125 0
1677855805036 0.71875 0
1677855805063 0.78125 0
1677855805091 0.6875 0
1677855805121 0.8125 0
1677855805151 0.71875 0
1677855805179 0.78125 0
1677855805208 0.78125 0
1677855805236 0.75 0
1677855805410 0.8125 0
1677855805440 0.9375 0
1677855805469 0.84375 0
1677855805497 0.9375 0
1677855805526 0.875 0
1677855805554 0.8125 0
1677855805582 0.8125 0
1677855805610 0.71875 0
1677855805638 0.78125 0
1677855805667 0.71875 0
1677855805695 0.78125 0
1677855805723 0.65625 0
1677855805751 0.90625 0
1677855805779 0.84375 0
1677855805807 0.75 0
1677855805836 0.75 0
1677855805862 0.75 0
1677855806045 0.7904 0
1677855807256 0.6875 0
1677855807288 0.71875 0
1677855807316 0.78125 0
1677855807345 0.875 0
1677855807375 0.78125 0
1677855807404 0.65625 0
1677855807433 0.84375 0
1677855807461 0.71875 0
1677855807490 0.8125 0
1677855807519 0.6875 0
1677855807545 0.8125 0
1677855807570 0.78125 0
1677855807592 0.8125 0
1677855807614 0.8125 0
1677855807638 0.75 0
1677855807665 0.75 0
1677855807694 0.75 0
1677855807722 0.75 0
1677855807751 0.78125 0
1677855807780 0.8125 0
1677855807808 0.8125 0
1677855807837 0.90625 0
1677855807865 0.78125 0
1677855807894 0.90625 0
1677855807922 0.84375 0
1677855807951 0.75 0
1677855807979 0.875 0
1677855808007 0.8125 0
1677855808036 0.625 0
1677855808064 0.875 0
1677855808093 0.90625 0
1677855808121 0.8125 0
1677855808150 0.78125 0
1677855808178 0.8125 0
1677855808207 0.8125 0
1677855808236 0.78125 0
1677855808264 0.75 0
1677855808293 0.75 0
1677855808322 0.8125 0
1677855808350 0.71875 0
1677855808378 0.6875 0
1677855808407 0.78125 0
1677855808435 0.78125 0
1677855808463 0.75 0
1677855808492 0.875 0
1677855808520 0.84375 0
1677855808549 0.875 0
1677855808742 0.71875 0
1677855808773 0.84375 0
1677855808802 0.84375 0
1677855808831 0.84375 0
1677855808860 0.75 0
1677855808906 0.71875 0
1677855808935 0.84375 0
1677855808963 0.84375 0
1677855808992 0.78125 0
1677855809020 0.8125 0
1677855809049 0.84375 0
1677855809077 0.8125 0
1677855809106 0.8125 0
1677855809134 0.84375 0
1677855809162 0.625 0
1677855809191 0.78125 0
1677855809222 0.9375 0
1677855809252 0.78125 0
1677855809281 0.78125 0
1677855809309 0.78125 0
1677855809338 0.78125 0
1677855809366 0.8125 0
1677855809395 0.8125 0
1677855809423 0.8125 0
1677855809451 0.875 0
1677855809480 0.75 0
1677855809508 0.6875 0
1677855809537 0.75 0
1677855809565 0.90625 0
1677855809594 0.8125 0
1677855809623 0.71875 0
1677855809650 0.75 0
1677855809853 0.7924 0
1677855811066 0.90625 0
1677855811098 0.78125 0
1677855811131 0.84375 0
1677855811167 0.78125 0
1677855811204 0.6875 0
1677855811241 0.90625 0
1677855811273 0.8125 0
1677855811304 0.78125 0
1677855811334 0.71875 0
1677855811363 0.65625 0
1677855811391 0.875 0
1677855811421 0.78125 0
1677855811450 0.6875 0
1677855811479 0.78125 0
1677855811508 0.84375 0
1677855811537 0.84375 0
1677855811566 0.78125 0
1677855811595 0.90625 0
1677855811624 0.90625 0
1677855811653 0.71875 0
1677855811682 0.875 0
1677855811711 0.75 0
1677855811742 0.6875 0
1677855811772 0.71875 0
1677855811801 0.6875 0
1677855811830 0.71875 0
1677855811859 0.8125 0
1677855811888 0.78125 0
1677855811917 0.84375 0
1677855811946 0.65625 0
1677855811975 0.78125 0
1677855812004 0.84375 0
1677855812033 0.71875 0
1677855812062 0.75 0
1677855812091 0.6875 0
1677855812120 0.75 0
1677855812299 0.78125 0
1677855812330 0.71875 0
1677855812359 0.90625 0
1677855812388 0.8125 0
1677855812417 0.8125 0
1677855812446 0.8125 0
1677855812475 0.78125 0
1677855812503 0.8125 0
1677855812532 0.8125 0
1677855812561 0.75 0
1677855812590 0.84375 0
1677855812618 0.8125 0
1677855812647 0.8125 0
1677855812676 0.75 0
1677855812705 0.71875 0
1677855812734 0.875 0
1677855812763 0.84375 0
1677855812792 0.75 0
1677855812821 0.78125 0
1677855812850 0.78125 0
1677855812879 0.8125 0
1677855812908 0.8125 0
1677855812937 0.8125 0
1677855812965 0.84375 0
1677855812994 0.875 0
1677855813023 0.8125 0
1677855813050 0.84375 0
1677855813077 0.6875 0
1677855813106 0.78125 0
1677855813134 0.9375 0
1677855813163 0.65625 0
1677855813192 0.8125 0
1677855813221 1.0 0
1677855813249 0.6875 0
1677855813278 0.625 0
1677855813308 0.8125 0
1677855813339 0.8125 0
1677855813368 0.75 0
1677855813397 0.9375 0
1677855813425 0.8125 0
1677855813454 0.8125 0
1677855813484 0.84375 0
1677855813513 1.0 0
1677855813720 0.7928 0
1677855814927 0.78125 0
1677855814958 0.8125 0
1677855814982 0.8125 0
1677855815007 0.875 0
1677855815029 0.90625 0
1677855815054 0.625 0
1677855815079 0.65625 0
1677855815101 0.78125 0
1677855815126 0.84375 0
1677855815150 0.75 0
1677855815173 0.75 0
1677855815197 0.78125 0
1677855815222 0.8125 0
1677855815249 0.875 0
1677855815272 0.84375 0
1677855815295 0.71875 0
1677855815320 0.78125 0
1677855815349 0.875 0
1677855815380 0.84375 0
1677855815410 0.8125 0
1677855815440 0.78125 0
1677855815469 0.90625 0
1677855815498 0.875 0
1677855815527 0.875 0
1677855815557 0.71875 0
1677855815586 0.75 0
1677855815615 0.78125 0
1677855815645 0.8125 0
1677855815674 0.6875 0
1677855815703 0.8125 0
1677855815733 0.8125 0
1677855815762 0.875 0
1677855815791 0.84375 0
1677855815820 0.875 0
1677855815850 0.71875 0
1677855815879 0.75 0
1677855815909 0.90625 0
1677855816092 0.84375 0
1677855816124 0.8125 0
1677855816153 0.78125 0
1677855816182 0.75 0
1677855816211 0.6875 0
1677855816240 0.78125 0
1677855816270 0.75 0
1677855816299 0.6875 0
1677855816328 0.84375 0
1677855816357 0.96875 0
1677855816387 0.75 0
1677855816416 0.75 0
1677855816445 0.8125 0
1677855816474 0.84375 0
1677855816503 0.84375 0
1677855816532 0.8125 0
1677855816562 0.75 0
1677855816591 0.875 0
1677855816620 0.875 0
1677855816649 0.875 0
1677855816679 0.8125 0
1677855816709 0.8125 0
1677855816738 0.75 0
1677855816767 0.875 0
1677855816796 0.8125 0
1677855816826 0.90625 0
1677855816855 0.75 0
1677855816885 0.78125 0
1677855816914 0.8125 0
1677855816943 0.75 0
1677855816972 0.75 0
1677855817002 0.75 0
1677855817031 0.90625 0
1677855817060 0.6875 0
1677855817089 0.8125 0
1677855817119 0.78125 0
1677855817148 0.8125 0
1677855817178 0.875 0
1677855817207 0.84375 0
1677855817236 0.75 0
1677855817266 0.8125 0
1677855817293 0.5 0
1677855817511 0.8028 0
1677855818737 0.8125 0
1677855818787 0.75 0
1677855818817 0.90625 0
1677855818847 0.8125 0
1677855818876 0.75 0
1677855818906 0.90625 0
1677855818936 0.75 0
1677855818965 0.8125 0
1677855818995 0.84375 0
1677855819024 0.90625 0
1677855819054 0.65625 0
1677855819083 0.84375 0
1677855819119 0.90625 0
1677855819149 0.875 0
1677855819325 0.8125 0
1677855819356 0.8125 0
1677855819386 0.875 0
1677855819415 0.84375 0
1677855819446 0.84375 0
1677855819477 0.875 0
1677855819507 0.6875 0
1677855819537 0.875 0
1677855819566 0.8125 0
1677855819596 0.84375 0
1677855819625 0.875 0
1677855819655 0.875 0
1677855819684 0.8125 0
1677855819713 0.6875 0
1677855819743 0.75 0
1677855819773 0.8125 0
1677855819802 0.84375 0
1677855819832 0.8125 0
1677855819861 0.625 0
1677855819890 0.78125 0
1677855819920 0.875 0
1677855819949 0.6875 0
1677855819979 0.9375 0
1677855820008 0.71875 0
1677855820038 0.84375 0
1677855820067 0.78125 0
1677855820097 0.84375 0
1677855820126 0.8125 0
1677855820155 0.875 0
1677855820184 0.71875 0
1677855820214 0.78125 0
1677855820244 0.84375 0
1677855820273 0.6875 0
1677855820302 0.84375 0
1677855820332 0.8125 0
1677855820361 0.8125 0
1677855820390 0.90625 0
1677855820420 0.875 0
1677855820449 0.875 0
1677855820479 0.71875 0
1677855820508 0.71875 0
1677855820538 0.8125 0
1677855820567 0.71875 0
1677855820596 0.78125 0
1677855820626 0.90625 0
1677855820655 0.75 0
1677855820684 0.78125 0
1677855820714 0.78125 0
1677855820743 0.75 0
1677855820772 0.71875 0
1677855820802 0.6875 0
1677855820831 0.875 0
1677855820861 0.84375 0
1677855820890 0.875 0
1677855820919 0.71875 0
1677855820949 0.8125 0
1677855820978 0.875 0
1677855821008 0.84375 0
1677855821037 0.6875 0
1677855821067 0.8125 0
1677855821096 0.78125 0
1677855821126 0.75 0
1677855821155 0.90625 0
1677855821184 0.65625 0
1677855821212 1.0 0
1677855821433 0.8052 0
1677855822653 0.90625 0
1677855822684 0.8125 0
1677855822709 0.875 0
1677855822738 0.8125 0
1677855822768 0.84375 0
1677855822794 0.71875 0
1677855822817 0.75 0
1677855822846 0.75 0
1677855822876 0.78125 0
1677855822906 0.90625 0
1677855822936 0.84375 0
1677855822965 0.8125 0
1677855822995 0.875 0
1677855823020 0.875 0
1677855823045 0.8125 0
1677855823073 0.84375 0
1677855823103 0.71875 0
1677855823133 0.90625 0
1677855823163 0.75 0
1677855823193 0.75 0
1677855823223 0.96875 0
1677855823252 0.75 0
1677855823444 0.71875 0
1677855823477 0.84375 0
1677855823509 0.8125 0
1677855823542 0.6875 0
1677855823575 0.8125 0
1677855823607 0.90625 0
1677855823637 0.6875 0
1677855823667 0.84375 0
1677855823697 0.78125 0
1677855823727 0.875 0
1677855823757 0.90625 0
1677855823787 0.90625 0
1677855823817 0.84375 0
1677855823847 0.625 0
1677855823872 0.75 0
1677855823900 0.65625 0
1677855823931 0.65625 0
1677855823960 0.875 0
1677855823988 0.8125 0
1677855824018 0.8125 0
1677855824048 0.84375 0
1677855824078 0.78125 0
1677855824107 0.90625 0
1677855824137 0.75 0
1677855824167 0.875 0
1677855824197 0.84375 0
1677855824227 0.71875 0
1677855824257 0.8125 0
1677855824286 0.8125 0
1677855824316 0.78125 0
1677855824346 0.90625 0
1677855824376 0.71875 0
1677855824407 0.84375 0
1677855824436 0.84375 0
1677855824466 0.84375 0
1677855824496 0.8125 0
1677855824619 0.9375 0
1677855824651 0.6875 0
1677855824681 0.90625 0
1677855824711 0.875 0
1677855824741 0.875 0
1677855824771 0.875 0
1677855824801 0.78125 0
1677855824831 0.78125 0
1677855824861 0.84375 0
1677855824891 0.90625 0
1677855824920 0.875 0
1677855824950 0.8125 0
1677855824981 0.75 0
1677855825011 0.71875 0
1677855825041 0.8125 0
1677855825071 0.84375 0
1677855825101 0.84375 0
1677855825131 0.84375 0
1677855825161 0.84375 0
1677855825191 0.9375 0
1677855825219 0.5 0
1677855825435 0.8164 0
1677855826648 0.78125 0
1677855826693 0.875 0
1677855826732 0.8125 0
1677855826770 0.78125 0
1677855826808 0.84375 0
1677855826841 0.84375 0
1677855826871 0.9375 0
1677855826897 0.75 0
1677855826920 0.78125 0
1677855826949 0.8125 0
1677855826974 0.90625 0
1677855827000 0.6875 0
1677855827023 0.75 0
1677855827048 0.90625 0
1677855827197 0.875 0
1677855827227 0.96875 0
1677855827258 0.875 0
1677855827288 0.78125 0
1677855827319 0.84375 0
1677855827349 0.84375 0
1677855827379 0.78125 0
1677855827410 0.78125 0
1677855827440 0.875 0
1677855827471 0.8125 0
1677855827501 0.75 0
1677855827532 0.8125 0
1677855827562 0.84375 0
1677855827592 0.96875 0
1677855827623 0.78125 0
1677855827654 0.75 0
1677855827686 0.84375 0
1677855827717 0.8125 0
1677855827748 0.71875 0
1677855827778 0.8125 0
1677855827809 0.875 0
1677855827839 0.8125 0
1677855827869 0.65625 0
1677855827900 0.84375 0
1677855827930 0.875 0
1677855827960 0.875 0
1677855827990 0.90625 0
1677855828020 0.9375 0
1677855828051 0.84375 0
1677855828081 0.78125 0
1677855828111 0.78125 0
1677855828141 0.84375 0
1677855828171 0.78125 0
1677855828201 0.8125 0
1677855828231 0.65625 0
1677855828261 0.84375 0
1677855828293 0.90625 0
1677855828326 0.71875 0
1677855828358 0.75 0
1677855828390 0.75 0
1677855828422 0.78125 0
1677855828455 0.875 0
1677855828487 0.75 0
1677855828518 0.875 0
1677855828640 0.6875 0
1677855828672 0.84375 0
1677855828702 0.78125 0
1677855828733 0.90625 0
1677855828763 0.875 0
1677855828793 0.71875 0
1677855828824 0.8125 0
1677855828854 0.84375 0
1677855828884 0.84375 0
1677855828914 0.90625 0
1677855828944 0.84375 0
1677855828974 0.8125 0
1677855829005 0.8125 0
1677855829035 0.8125 0
1677855829065 0.78125 0
1677855829095 0.78125 0
1677855829125 0.75 0
1677855829155 0.875 0
1677855829186 0.8125 0
1677855829216 0.84375 0
1677855829244 0.75 0
1677855829455 0.8188 0
1677855830665 0.75 0
1677855830702 0.71875 0
1677855830736 0.8125 0
1677855830778 0.875 0
1677855830816 0.8125 0
1677855830855 0.71875 0
1677855830894 0.8125 0
1677855830925 0.78125 0
1677855830956 0.875 0
1677855830987 0.8125 0
1677855831018 0.84375 0
1677855831049 0.9375 0
1677855831080 0.90625 0
1677855831263 0.90625 0
1677855831296 0.90625 0
1677855831327 0.78125 0
1677855831358 0.9375 0
1677855831389 0.8125 0
1677855831420 0.8125 0
1677855831451 0.84375 0
1677855831482 0.71875 0
1677855831513 0.84375 0
1677855831544 0.84375 0
1677855831575 0.78125 0
1677855831607 0.625 0
1677855831639 0.84375 0
1677855831670 0.75 0
1677855831701 0.84375 0
1677855831732 0.78125 0
1677855831765 0.875 0
1677855831798 0.8125 0
1677855831830 0.78125 0
1677855831861 0.875 0
1677855831893 0.84375 0
1677855831924 0.90625 0
1677855831955 0.78125 0
1677855831986 0.71875 0
1677855832017 0.9375 0
1677855832048 0.8125 0
1677855832079 0.78125 0
1677855832110 0.8125 0
1677855832141 0.84375 0
1677855832172 0.875 0
1677855832203 0.78125 0
1677855832234 0.71875 0
1677855832264 0.84375 0
1677855832295 0.71875 0
1677855832326 0.90625 0
1677855832357 0.71875 0
1677855832389 0.8125 0
1677855832420 0.78125 0
1677855832543 0.9375 0
1677855832576 0.71875 0
1677855832607 0.8125 0
1677855832638 0.75 0
1677855832669 0.875 0
1677855832700 0.8125 0
1677855832731 0.84375 0
1677855832762 0.78125 0
1677855832792 0.8125 0
1677855832823 0.78125 0
1677855832854 0.625 0
1677855832885 0.9375 0
1677855832916 0.84375 0
1677855832947 0.8125 0
1677855832977 0.6875 0
1677855833008 0.84375 0
1677855833039 0.84375 0
1677855833070 0.90625 0
1677855833101 0.71875 0
1677855833132 0.6875 0
1677855833163 0.75 0
1677855833196 0.75 0
1677855833231 0.8125 0
1677855833265 0.78125 0
1677855833299 0.8125 0
1677855833334 0.875 0
1677855833368 0.875 0
1677855833400 1.0 0
1677855833605 0.812 0
1677855834829 0.8125 0
1677855834864 0.65625 0
1677855834895 0.875 0
1677855834927 0.75 0
1677855834959 0.75 0
1677855834990 0.90625 0
1677855835022 0.6875 0
1677855835053 0.8125 0
1677855835235 0.625 0
1677855835268 0.8125 0
1677855835300 0.84375 0
1677855835331 0.8125 0
1677855835363 0.875 0
1677855835394 0.90625 0
1677855835426 0.8125 0
1677855835457 0.8125 0
1677855835489 0.84375 0
1677855835516 0.9375 0
1677855835542 0.8125 0
1677855835567 0.78125 0
1677855835593 0.875 0
1677855835618 0.65625 0
1677855835644 0.75 0
1677855835669 0.875 0
1677855835699 0.78125 0
1677855835730 0.875 0
1677855835762 0.90625 0
1677855835793 0.875 0
1677855835824 0.8125 0
1677855835855 0.78125 0
1677855835888 0.90625 0
1677855835920 0.8125 0
1677855835951 0.6875 0
1677855835982 0.8125 0
1677855836013 0.6875 0
1677855836044 0.875 0
1677855836075 0.90625 0
1677855836106 0.84375 0
1677855836137 0.875 0
1677855836168 0.84375 0
1677855836199 0.71875 0
1677855836230 0.84375 0
1677855836261 0.84375 0
1677855836292 0.84375 0
1677855836323 0.75 0
1677855836354 0.875 0
1677855836384 0.90625 0
1677855836507 0.875 0
1677855836540 0.84375 0
1677855836571 0.875 0
1677855836602 0.875 0
1677855836633 0.8125 0
1677855836664 0.9375 0
1677855836695 0.875 0
1677855836725 0.96875 0
1677855836756 0.75 0
1677855836787 0.84375 0
1677855836818 0.84375 0
1677855836849 0.90625 0
1677855836880 0.875 0
1677855836911 0.78125 0
1677855836941 0.875 0
1677855836972 0.8125 0
1677855837003 0.8125 0
1677855837034 0.84375 0
1677855837065 0.71875 0
1677855837096 0.90625 0
1677855837126 0.71875 0
1677855837157 0.71875 0
1677855837188 0.90625 0
1677855837220 0.8125 0
1677855837251 0.84375 0
1677855837282 0.875 0
1677855837313 0.6875 0
1677855837345 0.8125 0
1677855837376 0.8125 0
1677855837407 0.78125 0
1677855837438 0.78125 0
1677855837467 0.5 0
1677855837644 0.8216 0
1677855838875 0.84375 0
1677855838917 0.84375 0
1677855838947 0.84375 0
1677855838972 0.78125 0
1677855838998 0.90625 0
1677855839152 0.8125 0
1677855839181 0.8125 0
1677855839207 0.84375 0
1677855839231 0.8125 0
1677855839256 0.78125 0
1677855839281 0.8125 0
1677855839305 0.90625 0
1677855839335 0.875 0
1677855839366 0.8125 0
1677855839398 0.84375 0
1677855839429 0.6875 0
1677855839461 0.875 0
1677855839492 0.8125 0
1677855839523 0.8125 0
1677855839555 0.84375 0
1677855839586 0.84375 0
1677855839628 0.75 0
1677855839660 0.875 0
1677855839691 0.8125 0
1677855839723 0.78125 0
1677855839754 0.84375 0
1677855839785 0.9375 0
1677855839817 0.96875 0
1677855839848 0.65625 0
1677855839879 0.84375 0
1677855839911 0.84375 0
1677855839943 0.9375 0
1677855839977 0.875 0
1677855840010 0.875 0
1677855840042 0.9375 0
1677855840073 0.9375 0
1677855840104 0.9375 0
1677855840136 0.75 0
1677855840168 0.84375 0
1677855840199 0.71875 0
1677855840231 0.84375 0
1677855840263 0.71875 0
1677855840387 0.78125 0
1677855840420 0.75 0
1677855840452 0.8125 0
1677855840487 0.8125 0
1677855840514 0.78125 0
1677855840544 0.8125 0
1677855840575 0.875 0
1677855840607 0.8125 0
1677855840638 0.84375 0
1677855840670 0.8125 0
1677855840701 0.75 0
1677855840733 0.71875 0
1677855840764 0.875 0
1677855840795 0.875 0
1677855840827 0.8125 0
1677855840858 0.90625 0
1677855840890 0.75 0
1677855840917 0.90625 0
1677855840947 0.875 0
1677855840979 0.84375 0
1677855841010 0.96875 0
1677855841041 0.90625 0
1677855841072 0.8125 0
1677855841103 0.875 0
1677855841134 0.5625 0
1677855841166 0.90625 0
1677855841197 0.8125 0
1677855841228 0.8125 0
1677855841259 0.84375 0
1677855841290 0.78125 0
1677855841321 0.84375 0
1677855841353 0.78125 0
1677855841384 0.84375 0
1677855841415 0.75 0
1677855841447 0.84375 0
1677855841478 0.625 0
1677855841508 1.0 0
1677855841721 0.8268 0
1677855843083 0.875 0
1677855843114 0.875 0
1677855843143 0.8125 0
1677855843171 0.875 0
1677855843199 0.71875 0
1677855843225 0.78125 0
1677855843254 0.75 0
1677855843280 0.75 0
1677855843306 0.6875 0
1677855843334 0.75 0
1677855843363 0.78125 0
1677855843388 0.9375 0
1677855843415 0.6875 0
1677855843441 0.78125 0
1677855843467 0.75 0
1677855843498 0.875 0
1677855843534 0.90625 0
1677855843566 0.875 0
1677855843599 0.6875 0
1677855843631 0.78125 0
1677855843663 0.875 0
1677855843696 0.75 0
1677855843728 0.875 0
1677855843762 0.78125 0
1677855843797 0.78125 0
1677855843829 0.875 0
1677855843861 0.9375 0
1677855843893 0.84375 0
1677855843925 0.78125 0
1677855843957 0.9375 0
1677855843992 0.8125 0
1677855844024 0.9375 0
1677855844057 0.875 0
1677855844091 0.90625 0
1677855844124 0.84375 0
1677855844156 0.84375 0
1677855844189 0.8125 0
1677855844320 0.84375 0
1677855844353 0.875 0
1677855844385 0.75 0
1677855844417 0.9375 0
1677855844449 0.90625 0
1677855844481 0.84375 0
1677855844513 0.75 0
1677855844544 0.875 0
1677855844576 0.90625 0
1677855844608 0.8125 0
1677855844639 0.78125 0
1677855844671 0.8125 0
1677855844728 0.84375 0
1677855844760 0.84375 0
1677855844792 0.8125 0
1677855844824 0.8125 0
1677855844857 0.84375 0
1677855844889 0.84375 0
1677855844921 0.90625 0
1677855844953 0.90625 0
1677855844985 0.90625 0
1677855845017 0.875 0
1677855845049 0.65625 0
1677855845081 0.875 0
1677855845113 0.84375 0
1677855845145 0.875 0
1677855845177 0.71875 0
1677855845209 0.84375 0
1677855845241 0.90625 0
1677855845273 0.8125 0
1677855845305 0.75 0
1677855845337 0.84375 0
1677855845369 0.78125 0
1677855845401 0.90625 0
1677855845433 0.78125 0
1677855845465 0.75 0
1677855845496 0.8125 0
1677855845528 0.75 0
1677855845560 0.84375 0
1677855845684 0.78125 0
1677855845718 0.75 0
1677855845749 0.5 0
1677855845966 0.8248 0
1677855847266 0.78125 0
1677855847305 0.875 0
1677855847337 0.75 0
1677855847369 0.6875 0
1677855847402 0.71875 0
1677855847436 0.84375 0
1677855847468 0.75 0
1677855847501 0.875 0
1677855847534 0.875 0
1677855847566 0.78125 0
1677855847598 0.75 0
1677855847631 0.875 0
1677855847663 0.6875 0
1677855847696 0.75 0
1677855847728 0.875 0
1677855847760 0.90625 0
1677855847799 0.84375 0
1677855847832 0.84375 0
1677855847865 0.78125 0
1677855847897 0.9375 0
1677855847929 0.8125 0
1677855847962 0.9375 0
1677855847995 0.78125 0
1677855848027 0.78125 0
1677855848059 0.78125 0
1677855848098 0.90625 0
1677855848130 0.875 0
1677855848164 0.84375 0
1677855848203 0.8125 0
1677855848236 0.8125 0
1677855848268 0.84375 0
1677855848301 0.90625 0
1677855848456 0.84375 0
1677855848486 0.84375 0
1677855848514 0.78125 0
1677855848546 0.8125 0
1677855848578 0.75 0
1677855848610 0.75 0
1677855848643 0.875 0
1677855848675 0.75 0
1677855848708 0.84375 0
1677855848740 0.75 0
1677855848772 0.75 0
1677855848804 0.6875 0
1677855848837 0.90625 0
1677855848869 0.84375 0
1677855848901 0.84375 0
1677855848933 0.96875 0
1677855848966 0.8125 0
1677855848998 0.96875 0
1677855849031 0.8125 0
1677855849063 0.78125 0
1677855849095 0.8125 0
1677855849128 0.71875 0
1677855849160 0.71875 0
1677855849192 0.84375 0
1677855849225 0.8125 0
1677855849257 0.75 0
1677855849289 0.78125 0
1677855849416 0.9375 0
1677855849449 0.9375 0
1677855849482 0.875 0
1677855849514 0.90625 0
1677855849546 0.8125 0
1677855849578 0.8125 0
1677855849610 0.9375 0
1677855849642 0.84375 0
1677855849675 0.78125 0
1677855849707 0.84375 0
1677855849739 0.9375 0
1677855849771 0.78125 0
1677855849803 0.78125 0
1677855849837 0.84375 0
1677855849870 0.78125 0
1677855849902 0.6875 0
1677855849934 0.8125 0
1677855849966 0.75 0
1677855849998 0.84375 0
1677855850029 1.0 0
1677855850214 0.8208 0
1677855851436 0.8125 0
1677855851477 0.78125 0
1677855851666 0.78125 0
1677855851700 0.75 0
1677855851732 0.78125 0
1677855851765 0.84375 0
1677855851797 0.84375 0
1677855851830 0.9375 0
1677855851862 0.78125 0
1677855851895 0.8125 0
1677855851927 0.90625 0
1677855851960 0.78125 0
1677855851992 0.9375 0
1677855852024 0.84375 0
1677855852057 0.75 0
1677855852089 0.84375 0
1677855852137 0.875 0
1677855852177 0.96875 0
1677855852206 0.84375 0
1677855852237 0.875 0
1677855852272 0.875 0
1677855852305 0.875 0
1677855852338 0.8125 0
1677855852370 0.90625 0
1677855852403 0.8125 0
1677855852435 0.8125 0
1677855852468 0.875 0
1677855852501 0.8125 0
1677855852533 0.75 0
1677855852658 0.90625 0
1677855852692 0.84375 0
1677855852725 0.8125 0
1677855852757 0.8125 0
1677855852790 0.875 0
1677855852822 0.8125 0
1677855852855 0.71875 0
1677855852887 0.6875 0
1677855852919 0.8125 0
1677855852952 0.71875 0
1677855852977 0.8125 0
1677855853011 0.96875 0
1677855853043 0.90625 0
1677855853075 0.75 0
1677855853107 0.9375 0
1677855853140 0.71875 0
1677855853172 0.8125 0
1677855853204 0.9375 0
1677855853237 0.71875 0
1677855853269 0.84375 0
1677855853302 0.8125 0
1677855853334 0.84375 0
1677855853366 0.9375 0
1677855853490 0.90625 0
1677855853524 0.96875 0
1677855853556 0.8125 0
1677855853591 0.9375 0
1677855853630 0.78125 0
1677855853669 0.8125 0
1677855853709 0.78125 0
1677855853749 0.65625 0
1677855853781 0.875 0
1677855853814 0.78125 0
1677855853846 0.84375 0
1677855853878 0.8125 0
1677855853910 0.6875 0
1677855853943 0.84375 0
1677855853975 0.71875 0
1677855854008 0.78125 0
1677855854042 0.90625 0
1677855854077 0.875 0
1677855854111 0.78125 0
1677855854147 0.78125 0
1677855854182 0.90625 0
1677855854218 0.84375 0
1677855854252 0.71875 0
1677855854286 0.84375 0
1677855854321 0.8125 0
1677855854354 0.90625 0
1677855854385 0.75 0
1677855854587 0.8288 0
1677855855788 0.875 0
1677855855840 0.75 0
1677855855880 0.75 0
1677855855912 0.75 0
1677855855945 0.90625 0
1677855855978 0.8125 0
1677855856010 0.84375 0
1677855856043 0.84375 0
1677855856069 0.84375 0
1677855856094 0.84375 0
1677855856248 0.875 0
1677855856277 0.8125 0
1677855856309 0.84375 0
1677855856344 0.84375 0
1677855856378 0.84375 0
1677855856411 0.8125 0
1677855856444 0.84375 0
1677855856477 0.78125 0
1677855856510 0.875 0
1677855856543 0.90625 0
1677855856576 0.78125 0
1677855856609 0.8125 0
1677855856642 0.875 0
1677855856675 0.8125 0
1677855856708 0.75 0
1677855856741 0.78125 0
1677855856774 0.84375 0
1677855856807 0.84375 0
1677855856835 0.84375 0
1677855856861 0.9375 0
1677855856886 0.875 0
1677855856920 0.875 0
1677855856956 0.75 0
1677855856991 0.84375 0
1677855857025 0.75 0
1677855857058 0.84375 0
1677855857091 0.78125 0
1677855857217 0.71875 0
1677855857252 0.84375 0
1677855857285 0.8125 0
1677855857318 0.875 0
1677855857351 0.9375 0
1677855857384 0.9375 0
1677855857417 0.71875 0
1677855857450 0.875 0
1677855857482 0.90625 0
1677855857515 0.9375 0
1677855857548 0.84375 0
1677855857581 0.8125 0
1677855857614 0.8125 0
1677855857647 0.90625 0
1677855857679 0.71875 0
1677855857712 0.8125 0
1677855857745 0.8125 0
1677855857778 0.8125 0
1677855857811 0.84375 0
1677855857843 0.8125 0
1677855857877 0.8125 0
1677855857910 0.84375 0
1677855857943 0.75 0
1677855857976 0.84375 0
1677855858101 0.78125 0
1677855858136 0.8125 0
1677855858169 0.78125 0
1677855858202 0.84375 0
1677855858235 0.75 0
1677855858267 0.84375 0
1677855858300 0.8125 0
1677855858333 0.875 0
1677855858366 0.875 0
1677855858402 0.84375 0
1677855858435 0.875 0
1677855858468 0.71875 0
1677855858501 0.84375 0
1677855858528 0.875 0
1677855858560 0.84375 0
1677855858592 0.90625 0
1677855858625 0.8125 0
1677855858656 0.5 0
1677855858858 0.8296 0
1677855860094 0.6875 0
1677855860126 0.8125 0
1677855860167 0.9375 0
1677855860207 0.78125 0
1677855860235 0.78125 0
1677855860262 0.8125 0
1677855860293 0.90625 0
1677855860327 0.84375 0
1677855860360 0.9375 0
1677855860393 0.84375 0
1677855860428 0.84375 0
1677855860463 0.6875 0
1677855860496 0.75 0
1677855860529 0.84375 0
1677855860562 0.96875 0
1677855860595 0.78125 0
1677855860629 0.875 0
1677855860662 0.84375 0
1677855860845 0.9375 0
1677855860880 0.8125 0
1677855860914 0.8125 0
1677855860947 0.75 0
1677855860980 0.78125 0
1677855861014 0.75 0
1677855861048 0.90625 0
1677855861081 0.84375 0
1677855861115 0.90625 0
1677855861147 0.8125 0
1677855861175 0.84375 0
1677855861201 0.8125 0
1677855861233 0.84375 0
1677855861266 0.9375 0
1677855861300 0.71875 0
1677855861333 0.78125 0
1677855861367 0.8125 0
1677855861400 0.84375 0
1677855861434 0.78125 0
1677855861467 0.9375 0
1677855861503 0.875 0
1677855861537 0.6875 0
1677855861570 0.78125 0
1677855861604 0.84375 0
1677855861637 0.78125 0
1677855861670 0.8125 0
1677855861704 0.96875 0
1677855861829 0.75 0
1677855861864 0.75 0
1677855861898 0.875 0
1677855861931 0.8125 0
1677855861964 0.9375 0
1677855861998 0.8125 0
1677855862031 0.96875 0
1677855862065 0.84375 0
1677855862098 0.90625 0
1677855862131 0.875 0
1677855862165 0.78125 0
1677855862198 0.78125 0
1677855862232 0.875 0
1677855862267 0.8125 0
1677855862301 0.78125 0
1677855862334 0.78125 0
1677855862368 0.75 0
1677855862402 0.8125 0
1677855862435 0.84375 0
1677855862471 0.90625 0
1677855862506 0.84375 0
1677855862541 0.84375 0
1677855862575 0.84375 0
1677855862609 0.8125 0
1677855862735 0.8125 0
1677855862770 0.75 0
1677855862804 0.78125 0
1677855862838 0.75 0
1677855862871 0.8125 0
1677855862905 0.8125 0
1677855862939 0.78125 0
1677855862972 0.78125 0
1677855863006 0.8125 0
1677855863039 0.5 0
1677855863233 0.8252 0
1677855864454 0.78125 0
1677855864503 0.96875 0
1677855864540 0.71875 0
1677855864578 0.8125 0
1677855864612 0.875 0
1677855864646 0.875 0
1677855864679 0.8125 0
1677855864713 0.78125 0
1677855864746 0.8125 0
1677855864779 0.8125 0
1677855864813 0.875 0
1677855864846 0.84375 0
1677855864880 0.84375 0
1677855864914 0.875 0
1677855864947 0.84375 0
1677855864981 0.75 0
1677855865014 0.875 0
1677855865048 0.75 0
1677855865081 0.84375 0
1677855865115 0.84375 0
1677855865148 0.6875 0
1677855865182 0.8125 0
1677855865230 0.90625 0
1677855865412 0.75 0
1677855865448 0.9375 0
1677855865481 0.875 0
1677855865515 0.75 0
1677855865548 0.90625 0
1677855865582 0.84375 0
1677855865616 0.75 0
1677855865650 0.875 0
1677855865683 0.90625 0
1677855865717 0.84375 0
1677855865751 0.75 0
1677855865784 0.84375 0
1677855865818 0.875 0
1677855865851 0.75 0
1677855865881 0.78125 0
1677855865909 0.8125 0
1677855865934 0.8125 0
1677855865962 0.8125 0
1677855865994 0.90625 0
1677855866027 0.875 0
1677855866061 0.875 0
1677855866094 0.78125 0
1677855866128 0.78125 0
1677855866161 0.875 0
1677855866195 0.84375 0
1677855866229 0.90625 0
1677855866263 0.65625 0
1677855866390 0.875 0
1677855866425 0.84375 0
1677855866459 0.78125 0
1677855866492 0.8125 0
1677855866526 0.875 0
1677855866561 0.75 0
1677855866596 0.90625 0
1677855866630 0.90625 0
1677855866663 0.78125 0
1677855866697 0.8125 0
1677855866730 0.84375 0
1677855866764 0.875 0
1677855866798 0.96875 0
1677855866831 0.875 0
1677855866865 0.8125 0
1677855866898 0.78125 0
1677855866932 0.8125 0
1677855866965 0.8125 0
1677855866999 0.875 0
1677855867033 0.84375 0
1677855867066 0.75 0
1677855867100 0.84375 0
1677855867133 0.8125 0
1677855867167 0.90625 0
1677855867201 0.8125 0
1677855867235 0.84375 0
1677855867360 0.90625 0
1677855867395 0.84375 0
1677855867427 0.5 0
1677855867633 0.832 0
1677855868865 0.9375 0
1677855868904 0.90625 0
1677855868941 0.78125 0
1677855868977 0.90625 0
1677855869012 0.8125 0
1677855869055 0.875 0
1677855869090 0.96875 0
1677855869124 0.84375 0
1677855869158 0.78125 0
1677855869192 0.84375 0
1677855869226 0.90625 0
1677855869260 0.8125 0
1677855869294 0.84375 0
1677855869328 0.84375 0
1677855869362 0.8125 0
1677855869396 0.71875 0
1677855869578 0.90625 0
1677855869613 0.71875 0
1677855869648 0.84375 0
1677855869681 0.75 0
1677855869715 0.875 0
1677855869749 0.71875 0
1677855869784 0.84375 0
1677855869818 0.84375 0
1677855869852 0.84375 0
1677855869886 0.90625 0
1677855869920 0.84375 0
1677855869954 0.875 0
1677855869988 0.875 0
1677855870021 0.78125 0
1677855870056 0.90625 0
1677855870090 0.90625 0
1677855870124 0.96875 0
1677855870167 0.8125 0
1677855870201 0.84375 0
1677855870235 0.84375 0
1677855870269 0.8125 0
1677855870303 0.875 0
1677855870351 0.875 0
1677855870385 0.8125 0
1677855870419 0.75 0
1677855870453 0.875 0
1677855870486 0.65625 0
1677855870520 0.875 0
1677855870554 0.84375 0
1677855870588 0.90625 0
1677855870721 0.875 0
1677855870757 0.90625 0
1677855870791 0.875 0
1677855870825 0.84375 0
1677855870859 0.90625 0
1677855870893 0.84375 0
1677855870927 0.8125 0
1677855870961 0.9375 0
1677855870995 0.90625 0
1677855871029 0.90625 0
1677855871063 0.875 0
1677855871097 0.90625 0
1677855871130 0.8125 0
1677855871164 0.84375 0
1677855871198 0.9375 0
1677855871232 0.84375 0
1677855871266 0.78125 0
1677855871300 0.8125 0
1677855871334 0.84375 0
1677855871368 0.78125 0
1677855871402 0.875 0
1677855871436 0.75 0
1677855871470 0.96875 0
1677855871504 0.84375 0
1677855871538 0.71875 0
1677855871664 0.9375 0
1677855871700 0.96875 0
1677855871734 0.8125 0
1677855871768 0.8125 0
1677855871802 0.8125 0
1677855871836 0.90625 0
1677855871870 0.78125 0
1677855871903 1.0 0
1677855872132 0.8492 0
1677855873343 0.90625 0
1677855873392 0.84375 0
1677855873433 0.96875 0
1677855873472 0.90625 0
1677855873513 0.90625 0
1677855873554 0.84375 0
1677855873586 0.75 0
1677855873624 0.875 0
1677855873667 0.8125 0
1677855873704 0.8125 0
1677855873741 0.875 0
1677855873777 0.75 0
1677855873814 0.71875 0
1677855873851 0.84375 0
1677855873886 0.9375 0
1677855874071 0.75 0
1677855874110 0.875 0
1677855874148 0.9375 0
1677855874184 0.71875 0
1677855874221 0.875 0
1677855874258 0.84375 0
1677855874296 0.6875 0
1677855874333 0.9375 0
1677855874370 0.9375 0
1677855874407 0.75 0
1677855874444 0.8125 0
1677855874482 0.84375 0
1677855874519 0.84375 0
1677855874556 0.84375 0
1677855874593 0.875 0
1677855874631 0.875 0
1677855874668 0.78125 0
1677855874708 0.71875 0
1677855874746 0.65625 0
1677855874786 0.75 0
1677855874824 0.84375 0
1677855874861 0.78125 0
1677855874898 0.78125 0
1677855874931 0.84375 0
1677855875064 0.84375 0
1677855875103 0.8125 0
1677855875141 0.90625 0
1677855875178 0.8125 0
1677855875215 0.96875 0
1677855875252 0.8125 0
1677855875289 0.71875 0
1677855875326 0.84375 0
1677855875364 0.75 0
1677855875401 0.90625 0
1677855875438 0.90625 0
1677855875480 0.75 0
1677855875517 0.9375 0
1677855875554 0.9375 0
1677855875591 0.84375 0
1677855875628 0.875 0
1677855875665 0.78125 0
1677855875698 0.8125 0
1677855875737 0.78125 0
1677855875774 0.8125 0
1677855875811 0.84375 0
1677855875942 0.71875 0
1677855875981 0.8125 0
1677855876019 0.84375 0
1677855876056 0.84375 0
1677855876093 0.84375 0
1677855876130 0.8125 0
1677855876167 0.84375 0
1677855876204 0.9375 0
1677855876243 0.9375 0
1677855876281 0.6875 0
1677855876318 0.90625 0
1677855876355 0.71875 0
1677855876392 0.75 0
1677855876429 0.75 0
1677855876467 0.875 0
1677855876497 0.84375 0
1677855876522 0.84375 0
1677855876549 0.84375 0
1677855876573 1.0 0
1677855876784 0.8308 0
1677855878000 0.8125 0
1677855878045 0.96875 0
1677855878089 0.90625 0
1677855878132 0.71875 0
1677855878167 0.9375 0
1677855878201 0.8125 0
1677855878236 0.84375 0
1677855878391 0.65625 0
1677855878419 0.84375 0
1677855878445 0.90625 0
1677855878473 0.8125 0
1677855878504 0.90625 0
1677855878531 0.875 0
1677855878557 0.90625 0
1677855878587 0.90625 0
1677855878618 0.8125 0
1677855878648 0.875 0
1677855878679 0.78125 0
1677855878709 0.84375 0
1677855878744 0.84375 0
1677855878782 0.8125 0
1677855878818 0.90625 0
1677855878855 0.9375 0
1677855878891 0.90625 0
1677855878926 0.8125 0
1677855878961 0.9375 0
1677855878995 0.8125 0
1677855879123 0.8125 0
1677855879159 0.8125 0
1677855879194 0.78125 0
1677855879229 0.90625 0
1677855879265 0.78125 0
1677855879299 0.96875 0
1677855879334 0.90625 0
1677855879368 0.9375 0
1677855879403 0.875 0
1677855879437 0.78125 0
1677855879472 0.78125 0
1677855879506 0.875 0
1677855879541 0.6875 0
1677855879575 0.875 0
1677855879610 0.75 0
1677855879644 0.78125 0
1677855879679 0.75 0
1677855879713 0.90625 0
1677855879747 0.75 0
1677855879782 0.75 0
1677855879816 0.875 0
1677855879851 0.75 0
1677855879885 0.9375 0
1677855879920 0.84375 0
1677855879954 0.75 0
1677855879988 0.65625 0
1677855880023 0.84375 0
1677855880057 0.84375 0
1677855880092 0.90625 0
1677855880126 0.8125 0
1677855880252 0.90625 0
1677855880288 0.96875 0
1677855880323 0.78125 0
1677855880357 0.90625 0
1677855880393 0.84375 0
1677855880427 0.78125 0
1677855880462 0.96875 0
1677855880496 0.84375 0
1677855880531 0.90625 0
1677855880566 0.84375 0
1677855880600 0.875 0
1677855880635 0.90625 0
1677855880670 0.84375 0
1677855880704 0.78125 0
1677855880739 0.8125 0
1677855880774 0.84375 0
1677855880809 0.84375 0
1677855880844 0.78125 0
1677855880880 0.84375 0
1677855880917 0.71875 0
1677855880952 0.75 0
1677855880985 0.5 0
1677855881185 0.8396 0
1677855882406 0.78125 0
1677855882599 0.75 0
1677855882633 0.78125 0
1677855882669 0.9375 0
1677855882713 0.90625 0
1677855882756 0.90625 0
1677855882799 0.875 0
1677855882834 0.625 0
1677855882869 0.90625 0
1677855882906 0.875 0
1677855882943 0.78125 0
1677855882979 0.875 0
1677855883015 0.71875 0
1677855883050 0.875 0
1677855883085 0.71875 0
1677855883120 0.875 0
1677855883155 0.9375 0
1677855883190 0.84375 0
1677855883225 0.78125 0
1677855883260 0.75 0
1677855883295 0.8125 0
1677855883423 0.78125 0
1677855883460 0.71875 0
1677855883497 0.78125 0
1677855883534 0.8125 0
1677855883571 0.875 0
1677855883609 0.78125 0
1677855883646 0.75 0
1677855883684 0.875 0
1677855883721 0.8125 0
1677855883757 0.78125 0
1677855883793 0.65625 0
1677855883828 0.90625 0
1677855883864 0.9375 0
1677855883899 0.875 0
1677855883934 0.78125 0
1677855883969 0.90625 0
1677855884005 0.8125 0
1677855884040 0.8125 0
1677855884075 0.875 0
1677855884110 0.875 0
1677855884140 0.90625 0
1677855884173 0.90625 0
1677855884208 0.90625 0
1677855884243 0.84375 0
1677855884278 0.78125 0
1677855884313 0.90625 0
1677855884348 0.84375 0
1677855884383 0.84375 0
1677855884418 0.75 0
1677855884453 0.84375 0
1677855884582 0.8125 0
1677855884619 0.6875 0
1677855884654 0.8125 0
1677855884689 0.96875 0
1677855884724 0.90625 0
1677855884759 0.90625 0
1677855884794 0.65625 0
1677855884829 0.84375 0
1677855884864 0.84375 0
1677855884899 0.8125 0
1677855884934 0.84375 0
1677855884971 0.78125 0
1677855885008 0.84375 0
1677855885044 0.9375 0
1677855885079 0.875 0
1677855885114 0.875 0
1677855885149 0.90625 0
1677855885184 0.75 0
1677855885219 0.78125 0
1677855885254 0.90625 0
1677855885289 0.90625 0
1677855885324 0.8125 0
1677855885360 0.84375 0
1677855885395 0.875 0
1677855885430 0.96875 0
1677855885557 0.90625 0
1677855885594 0.875 0
1677855885628 0.5 0
1677855885832 0.8352 0
1677855887049 0.75 0
1677855887097 0.8125 0
1677855887138 0.78125 0
1677855887183 0.875 0
1677855887214 0.84375 0
1677855887244 0.78125 0
1677855887273 0.875 0
1677855887308 0.78125 0
1677855887343 0.84375 0
1677855887379 0.875 0
1677855887414 0.90625 0
1677855887450 0.71875 0
1677855887486 0.90625 0
1677855887521 0.90625 0
1677855887557 0.90625 0
1677855887592 0.75 0
1677855887773 0.78125 0
1677855887811 0.875 0
1677855887846 0.75 0
1677855887882 0.84375 0
1677855887918 0.875 0
1677855887954 0.90625 0
1677855887989 0.8125 0
1677855888025 0.71875 0
1677855888061 0.90625 0
1677855888096 0.90625 0
1677855888132 0.84375 0
1677855888168 0.78125 0
1677855888203 0.8125 0
1677855888239 0.8125 0
1677855888274 0.90625 0
1677855888310 0.78125 0
1677855888346 0.875 0
1677855888383 0.8125 0
1677855888421 0.84375 0
1677855888559 0.78125 0
1677855888592 0.8125 0
1677855888629 0.9375 0
1677855888667 0.8125 0
1677855888703 0.84375 0
1677855888739 0.84375 0
1677855888775 0.75 0
1677855888810 0.6875 0
1677855888846 0.8125 0
1677855888882 0.78125 0
1677855888917 0.8125 0
1677855888953 0.8125 0
1677855888990 0.75 0
1677855889027 0.9375 0
1677855889064 0.71875 0
1677855889101 0.84375 0
1677855889137 0.875 0
1677855889172 0.84375 0
1677855889207 0.84375 0
1677855889242 0.8125 0
1677855889278 0.9375 0
1677855889313 0.84375 0
1677855889442 0.84375 0
1677855889479 0.8125 0
1677855889515 0.9375 0
1677855889550 0.9375 0
1677855889585 0.90625 0
1677855889620 0.90625 0
1677855889655 0.875 0
1677855889691 0.8125 0
1677855889726 0.75 0
1677855889761 0.78125 0
1677855889797 0.84375 0
1677855889832 0.9375 0
1677855889867 0.8125 0
1677855889903 0.84375 0
1677855889938 0.8125 0
1677855889973 0.96875 0
1677855890008 0.9375 0
1677855890043 0.75 0
1677855890079 0.875 0
1677855890204 0.8125 0
1677855890241 0.90625 0
1677855890274 0.5 0
1677855890471 0.8368 0
1677855891682 0.90625 0
1677855891731 0.875 0
1677855891782 0.875 0
1677855891823 0.90625 0
1677855891859 0.90625 0
1677855891895 0.8125 0
1677855891925 0.8125 0
1677855891959 0.84375 0
1677855891995 0.96875 0
1677855892022 0.84375 0
1677855892049 0.875 0
1677855892078 0.71875 0
1677855892107 0.875 0
1677855892135 0.78125 0
1677855892164 0.875 0
1677855892192 0.9375 0
1677855892219 0.71875 0
1677855892372 0.8125 0
1677855892401 0.8125 0
1677855892431 0.78125 0
1677855892460 0.90625 0
1677855892494 0.9375 0
1677855892530 0.8125 0
1677855892566 0.84375 0
1677855892601 0.84375 0
1677855892638 0.84375 0
1677855892672 0.75 0
1677855892708 0.9375 0
1677855892744 0.875 0
1677855892779 0.59375 0
1677855892815 0.84375 0
1677855892851 0.8125 0
1677855892887 0.90625 0
1677855892922 0.90625 0
1677855892958 0.75 0
1677855892994 0.71875 0
1677855893122 0.8125 0
1677855893160 0.875 0
1677855893198 0.8125 0
1677855893234 0.9375 0
1677855893269 0.875 0
1677855893305 0.84375 0
1677855893341 0.84375 0
1677855893380 0.90625 0
1677855893418 0.90625 0
1677855893456 0.65625 0
1677855893494 0.84375 0
1677855893532 0.875 0
1677855893569 0.9375 0
1677855893605 0.90625 0
1677855893641 0.875 0
1677855893676 0.8125 0
1677855893712 0.84375 0
1677855893747 0.71875 0
1677855893783 0.96875 0
1677855893818 0.96875 0
1677855893854 0.8125 0
1677855893889 0.875 0
1677855894016 0.90625 0
1677855894053 0.8125 0
1677855894089 0.78125 0
1677855894125 0.90625 0
1677855894160 0.84375 0
1677855894196 0.75 0
1677855894231 0.75 0
1677855894267 0.75 0
1677855894302 0.90625 0
1677855894338 0.90625 0
1677855894374 0.84375 0
1677855894409 0.84375 0
1677855894445 0.75 0
1677855894481 0.90625 0
1677855894516 0.84375 0
1677855894552 0.78125 0
1677855894587 0.8125 0
1677855894623 0.875 0
1677855894658 0.78125 0
1677855894784 0.8125 0
1677855894820 0.5 0
1677855894991 0.8416 0
1677855896203 0.78125 0
1677855896271 0.875 0
1677855896305 0.8125 0
1677855896340 0.875 0
1677855896376 0.71875 0
1677855896412 0.875 0
1677855896448 0.8125 0
1677855896483 0.84375 0
1677855896520 0.875 0
1677855896557 0.875 0
1677855896593 0.9375 0
1677855896629 0.875 0
1677855896666 0.75 0
1677855896702 0.78125 0
1677855896738 0.90625 0
1677855896924 0.84375 0
1677855896961 0.875 0
1677855896998 0.90625 0
1677855897034 0.875 0
1677855897070 0.875 0
1677855897106 0.84375 0
1677855897142 0.96875 0
1677855897178 0.875 0
1677855897214 0.8125 0
1677855897252 0.78125 0
1677855897290 0.875 0
1677855897327 0.84375 0
1677855897364 0.875 0
1677855897400 0.625 0
1677855897436 0.78125 0
1677855897473 0.9375 0
1677855897509 0.84375 0
1677855897545 0.84375 0
1677855897582 0.8125 0
1677855897618 0.875 0
1677855897655 0.84375 0
1677855897686 0.6875 0
1677855897715 0.78125 0
1677855897822 0.96875 0
1677855897852 0.875 0
1677855897880 0.96875 0
1677855897915 0.75 0
1677855897951 0.84375 0
1677855897987 0.875 0
1677855898023 0.78125 0
1677855898059 0.875 0
1677855898095 0.96875 0
1677855898131 0.78125 0
1677855898167 0.8125 0
1677855898203 0.875 0
1677855898240 0.75 0
1677855898279 0.65625 0
1677855898317 0.8125 0
1677855898356 0.9375 0
1677855898395 0.875 0
1677855898434 0.84375 0
1677855898566 0.90625 0
1677855898604 0.8125 0
1677855898641 0.78125 0
1677855898678 0.96875 0
1677855898714 0.84375 0
1677855898750 0.875 0
1677855898787 0.84375 0
1677855898823 0.84375 0
1677855898859 0.9375 0
1677855898896 0.78125 0
1677855898932 0.75 0
1677855898968 0.8125 0
1677855899005 0.90625 0
1677855899041 0.8125 0
1677855899078 0.84375 0
1677855899114 0.8125 0
1677855899150 0.9375 0
1677855899187 0.78125 0
1677855899223 0.6875 0
1677855899259 0.78125 0
1677855899297 0.9375 0
1677855899335 0.84375 0
1677855899370 0.5 0
1677855899698 0.8408 0
1677855900929 0.90625 0
1677855900970 0.90625 0
1677855901018 0.90625 0
1677855901057 0.84375 0
1677855901087 0.875 0
1677855901125 0.9375 0
1677855901156 0.8125 0
1677855901184 0.9375 0
1677855901219 0.875 0
1677855901259 0.96875 0
1677855901292 0.875 0
1677855901325 0.9375 0
1677855901355 0.8125 0
1677855901395 0.90625 0
1677855901422 0.875 0
1677855901453 0.8125 0
1677855901488 0.6875 0
1677855901648 0.8125 0
1677855901684 0.84375 0
1677855901721 0.8125 0
1677855901754 0.84375 0
1677855901783 0.9375 0
1677855901811 0.84375 0
1677855901840 0.75 0
1677855901874 0.84375 0
1677855901922 0.90625 0
1677855901949 0.75 0
1677855901981 0.71875 0
1677855902008 0.84375 0
1677855902046 0.84375 0
1677855902076 0.84375 0
1677855902107 0.875 0
1677855902136 0.84375 0
1677855902174 0.90625 0
1677855902208 0.75 0
1677855902249 0.875 0
1677855902287 0.90625 0
1677855902325 0.84375 0
1677855902363 0.90625 0
1677855902492 0.78125 0
1677855902531 0.84375 0
1677855902569 0.84375 0
1677855902607 0.90625 0
1677855902645 0.84375 0
1677855902683 0.8125 0
1677855902720 0.8125 0
1677855902758 0.875 0
1677855902796 0.71875 0
1677855902834 0.75 0
1677855902872 0.90625 0
1677855902912 0.875 0
1677855902955 0.78125 0
1677855902995 0.875 0
1677855903031 0.78125 0
1677855903068 0.875 0
1677855903104 0.65625 0
1677855903141 0.84375 0
1677855903272 0.90625 0
1677855903303 0.84375 0
1677855903333 0.8125 0
1677855903369 0.8125 0
1677855903413 0.8125 0
1677855903451 0.9375 0
1677855903488 0.65625 0
1677855903524 0.84375 0
1677855903561 0.875 0
1677855903592 0.875 0
1677855903619 0.9375 0
1677855903647 0.9375 0
1677855903677 0.90625 0
1677855903708 0.71875 0
1677855903735 0.90625 0
1677855903763 0.8125 0
1677855903790 0.8125 0
1677855903819 0.875 0
1677855903846 0.90625 0
1677855903876 0.90625 0
1677855903912 0.84375 0
1677855903949 0.75 0
1677855904141 0.8472 0
1677855905515 0.875 0
1677855905552 0.90625 0
1677855905596 0.875 0
1677855905639 0.8125 0
1677855905683 0.90625 0
1677855905725 0.75 0
1677855905767 0.90625 0
1677855905811 0.90625 0
1677855905855 0.9375 0
1677855905899 0.84375 0
1677855905943 0.875 0
1677855905987 0.9375 0
1677855906027 0.84375 0
1677855906064 0.8125 0
1677855906101 0.8125 0
1677855906138 0.84375 0
1677855906186 0.875 0
1677855906223 0.84375 0
1677855906260 0.78125 0
1677855906297 0.90625 0
1677855906334 0.875 0
1677855906371 0.8125 0
1677855906499 0.84375 0
1677855906537 0.8125 0
1677855906574 0.78125 0
1677855906611 0.8125 0
1677855906648 0.90625 0
1677855906684 0.6875 0
1677855906721 0.96875 0
1677855906758 0.8125 0
1677855906795 0.75 0
1677855906832 0.8125 0
1677855906869 0.78125 0
1677855906905 0.875 0
1677855906942 0.9375 0
1677855906979 0.90625 0
1677855907016 0.9375 0
1677855907053 0.78125 0
1677855907090 0.84375 0
1677855907126 0.90625 0
1677855907256 0.9375 0
1677855907294 0.875 0
1677855907331 0.875 0
1677855907368 0.90625 0
1677855907404 0.84375 0
1677855907441 0.875 0
1677855907479 0.8125 0
1677855907518 0.8125 0
1677855907555 0.78125 0
1677855907592 0.875 0
1677855907628 0.875 0
1677855907665 0.9375 0
1677855907702 0.84375 0
1677855907738 0.90625 0
1677855907775 0.78125 0
1677855907811 0.75 0
1677855907848 0.9375 0
1677855907884 0.75 0
1677855908013 0.875 0
1677855908051 0.875 0
1677855908088 0.875 0
1677855908124 0.6875 0
1677855908161 0.875 0
1677855908198 0.90625 0
1677855908234 0.78125 0
1677855908271 0.78125 0
1677855908307 0.84375 0
1677855908345 0.65625 0
1677855908381 0.78125 0
1677855908418 0.84375 0
1677855908455 0.90625 0
1677855908492 0.75 0
1677855908528 0.8125 0
1677855908564 0.90625 0
1677855908601 0.90625 0
1677855908729 0.875 0
1677855908768 0.8125 0
1677855908805 0.90625 0
1677855908839 0.75 0
1677855909043 0.8476 0
1677855910264 0.84375 0
1677855910310 0.8125 0
1677855910351 0.90625 0
1677855910389 0.875 0
1677855910427 0.8125 0
1677855910464 0.875 0
1677855910502 0.90625 0
1677855910540 0.96875 0
1677855910578 0.875 0
1677855910615 0.90625 0
1677855910653 0.9375 0
1677855910816 0.875 0
1677855910845 0.9375 0
1677855910875 0.875 0
1677855910905 0.78125 0
1677855910942 0.84375 0
1677855910980 0.875 0
1677855911019 0.875 0
1677855911060 0.90625 0
1677855911100 0.90625 0
1677855911141 0.96875 0
1677855911177 0.78125 0
1677855911218 0.8125 0
1677855911259 0.84375 0
1677855911308 0.90625 0
1677855911349 0.875 0
1677855911390 0.90625 0
1677855911526 0.9375 0
1677855911569 0.8125 0
1677855911611 0.78125 0
1677855911652 0.84375 0
1677855911692 0.8125 0
1677855911733 0.84375 0
1677855911774 0.75 0
1677855911815 0.90625 0
1677855911853 1.0 0
1677855911891 0.8125 0
1677855911928 0.875 0
1677855911964 0.90625 0
1677855912000 0.96875 0
1677855912037 0.75 0
1677855912073 0.875 0
1677855912110 0.8125 0
1677855912147 0.78125 0
1677855912276 0.90625 0
1677855912314 0.875 0
1677855912352 0.71875 0
1677855912389 0.90625 0
1677855912425 0.9375 0
1677855912463 0.84375 0
1677855912501 0.6875 0
1677855912537 0.875 0
1677855912565 0.6875 0
1677855912600 0.8125 0
1677855912636 0.84375 0
1677855912672 0.84375 0
1677855912710 0.96875 0
1677855912747 0.78125 0
1677855912784 0.84375 0
1677855912821 0.9375 0
1677855912858 0.90625 0
1677855912895 0.78125 0
1677855913025 0.6875 0
1677855913063 0.75 0
1677855913101 0.75 0
1677855913138 0.8125 0
1677855913175 0.90625 0
1677855913212 0.9375 0
1677855913250 0.875 0
1677855913287 0.875 0
1677855913324 0.78125 0
1677855913362 0.78125 0
1677855913399 0.84375 0
1677855913436 0.75 0
1677855913473 0.9375 0
1677855913510 0.8125 0
1677855913548 0.875 0
1677855913585 0.96875 0
1677855913623 0.5 0
1677855913892 0.854 0
