1677856121772 0.0 0
1677856121796 0.0 0
1677856121816 0.0 0
1677856121839 0.0 0
1677856121866 0.0 0
1677856121897 0.09375 0
1677856121926 0.125 0
1677856121947 0.03125 0
1677856121967 0.125 0
1677856121990 0.21875 0
1677856122023 0.15625 0
1677856122044 0.0625 0
1677856122071 0.15625 0
1677856122094 0.15625 0
1677856122121 0.28125 0
1677856122148 0.1875 0
1677856122170 0.25 0
1677856122190 0.1875 0
1677856122209 0.25 0
1677856122229 0.1875 0
1677856122249 0.21875 0
1677856122269 0.15625 0
1677856122289 0.21875 0
1677856122309 0.3125 0
1677856122331 0.3125 0
1677856122354 0.3125 0
1677856122374 0.09375 0
1677856122394 0.21875 0
1677856122414 0.34375 0
1677856122434 0.1875 0
1677856122454 0.34375 0
1677856122474 0.1875 0
1677856122494 0.375 0
1677856122514 0.21875 0
1677856122538 0.28125 0
1677856122558 0.25 0
1677856122578 0.40625 0
1677856122599 0.34375 0
1677856122621 0.1875 0
1677856122642 0.25 0
1677856122665 0.375 0
1677856122688 0.3125 0
1677856122712 0.21875 0
1677856122734 0.1875 0
1677856122753 0.21875 0
1677856122773 0.34375 0
1677856122792 0.40625 0
1677856122812 0.34375 0
1677856122832 0.25 0
1677856122851 0.40625 0
1677856122871 0.34375 0
1677856122891 0.28125 0
1677856122910 0.46875 0
1677856122930 0.34375 0
1677856122950 0.34375 0
1677856122969 0.4375 0
1677856122989 0.34375 0
1677856123009 0.46875 0
1677856123029 0.375 0
1677856123048 0.375 0
1677856123068 0.21875 0
1677856123087 0.375 0
1677856123107 0.5 0
1677856123127 0.46875 0
1677856123147 0.28125 0
1677856123166 0.21875 0
1677856123186 0.53125 0
1677856123206 0.375 0
1677856123226 0.53125 0
1677856123245 0.375 0
1677856123265 0.28125 0
1677856123285 0.4375 0
1677856123305 0.46875 0
1677856123325 0.25 0
1677856123344 0.5 0
1677856123364 0.375 0
1677856123384 0.53125 0
1677856123404 0.4375 0
1677856123422 0.0 0
1677856123624 0.2776 0
1677856124884 0.40625 0
1677856124910 0.34375 0
1677856124950 0.5 0
1677856124976 0.25 0
1677856124995 0.4375 0
1677856125019 0.59375 0
1677856125039 0.46875 0
1677856125061 0.40625 0
1677856125081 0.34375 0
1677856125102 0.5 0
1677856125122 0.4375 0
1677856125143 0.34375 0
1677856125163 0.59375 0
1677856125183 0.25 0
1677856125204 0.4375 0
1677856125225 0.34375 0
1677856125245 0.46875 0
1677856125265 0.40625 0
1677856125291 0.4375 0
1677856125313 0.25 0
1677856125333 0.21875 0
1677856125354 0.46875 0
1677856125374 0.40625 0
1677856125399 0.625 0
1677856125420 0.53125 0
1677856125441 0.375 0
1677856125461 0.53125 0
1677856125481 0.34375 0
1677856125503 0.46875 0
1677856125523 0.40625 0
1677856125543 0.5625 0
1677856125563 0.46875 0
1677856125585 0.375 0
1677856125606 0.625 0
1677856125626 0.5 0
1677856125646 0.4375 0
1677856125667 0.5 0
1677856125688 0.40625 0
1677856125710 0.40625 0
1677856125730 0.4375 0
1677856125750 0.46875 0
1677856125770 0.40625 0
1677856125790 0.375 0
1677856125810 0.34375 0
1677856125830 0.40625 0
1677856125850 0.5 0
1677856125871 0.4375 0
1677856125891 0.40625 0
1677856125911 0.5625 0
1677856125930 0.53125 0
1677856125951 0.4375 0
1677856125971 0.40625 0
1677856125991 0.59375 0
1677856126011 0.4375 0
1677856126031 0.5625 0
1677856126051 0.5625 0
1677856126071 0.40625 0
1677856126091 0.46875 0
1677856126111 0.4375 0
1677856126131 0.46875 0
1677856126151 0.4375 0
1677856126171 0.3125 0
1677856126192 0.46875 0
1677856126212 0.34375 0
1677856126232 0.34375 0
1677856126252 0.28125 0
1677856126272 0.5 0
1677856126293 0.46875 0
1677856126335 0.375 0
1677856126355 0.34375 0
1677856126375 0.4375 0
1677856126396 0.5625 0
1677856126416 0.25 0
1677856126436 0.5625 0
1677856126456 0.40625 0
1677856126476 0.5 0
1677856126496 0.5 0
1677856126516 0.4375 0
1677856126535 0.25 0
1677856126744 0.4364 0
1677856127993 0.46875 0
1677856128034 0.375 0
1677856128070 0.4375 0
1677856128093 0.65625 0
1677856128111 0.34375 0
1677856128130 0.46875 0
1677856128149 0.625 0
1677856128169 0.4375 0
1677856128188 0.5 0
1677856128207 0.5 0
1677856128226 0.53125 0
1677856128245 0.59375 0
1677856128265 0.5 0
1677856128286 0.59375 0
1677856128306 0.375 0
1677856128327 0.5 0
1677856128347 0.59375 0
1677856128367 0.46875 0
1677856128388 0.4375 0
1677856128408 0.5 0
1677856128428 0.53125 0
1677856128448 0.46875 0
1677856128469 0.53125 0
1677856128489 0.40625 0
1677856128509 0.40625 0
1677856128530 0.5 0
1677856128550 0.53125 0
1677856128570 0.4375 0
1677856128590 0.53125 0
1677856128612 0.46875 0
1677856128633 0.5 0
1677856128653 0.53125 0
1677856128673 0.46875 0
1677856128694 0.59375 0
1677856128714 0.4375 0
1677856128735 0.375 0
1677856128757 0.375 0
1677856128779 0.59375 0
1677856128800 0.46875 0
1677856128821 0.53125 0
1677856128842 0.46875 0
1677856128863 0.40625 0
1677856128883 0.46875 0
1677856128903 0.5625 0
1677856128923 0.59375 0
1677856128944 0.53125 0
1677856128964 0.5 0
1677856128984 0.65625 0
1677856129004 0.4375 0
1677856129025 0.5625 0
1677856129045 0.625 0
1677856129065 0.53125 0
1677856129086 0.59375 0
1677856129106 0.59375 0
1677856129127 0.59375 0
1677856129147 0.59375 0
1677856129167 0.40625 0
1677856129188 0.5 0
1677856129208 0.5625 0
1677856129228 0.5 0
1677856129248 0.375 0
1677856129269 0.4375 0
1677856129289 0.5625 0
1677856129310 0.53125 0
1677856129330 0.40625 0
1677856129350 0.5625 0
1677856129371 0.5625 0
1677856129391 0.5625 0
1677856129411 0.53125 0
1677856129431 0.5 0
1677856129452 0.59375 0
1677856129472 0.46875 0
1677856129492 0.34375 0
1677856129513 0.5625 0
1677856129533 0.65625 0
1677856129553 0.53125 0
1677856129573 0.5 0
1677856129594 0.5625 0
1677856129612 0.0 0
1677856129796 0.506 0
1677856131054 0.59375 0
1677856131089 0.4375 0
1677856131127 0.59375 0
1677856131152 0.75 0
1677856131173 0.34375 0
1677856131200 0.40625 0
1677856131226 0.4375 0
1677856131246 0.5 0
1677856131267 0.59375 0
1677856131287 0.375 0
1677856131308 0.59375 0
1677856131328 0.34375 0
1677856131349 0.65625 0
1677856131371 0.53125 0
1677856131391 0.5 0
1677856131416 0.53125 0
1677856131459 0.5625 0
1677856131480 0.5625 0
1677856131501 0.53125 0
1677856131522 0.40625 0
1677856131543 0.5625 0
1677856131564 0.65625 0
1677856131585 0.5 0
1677856131607 0.5625 0
1677856131627 0.59375 0
1677856131648 0.65625 0
1677856131669 0.34375 0
1677856131690 0.625 0
1677856131710 0.59375 0
1677856131731 0.59375 0
1677856131752 0.5625 0
1677856131773 0.625 0
1677856131793 0.53125 0
1677856131814 0.53125 0
1677856131835 0.6875 0
1677856131855 0.59375 0
1677856131876 0.5 0
1677856131897 0.34375 0
1677856131918 0.40625 0
1677856131938 0.5 0
1677856131959 0.59375 0
1677856131979 0.46875 0
1677856132000 0.5 0
1677856132020 0.625 0
1677856132041 0.59375 0
1677856132062 0.46875 0
1677856132082 0.65625 0
1677856132103 0.75 0
1677856132123 0.375 0
1677856132144 0.53125 0
1677856132164 0.53125 0
1677856132185 0.75 0
1677856132206 0.5 0
1677856132227 0.5 0
1677856132250 0.5 0
1677856132272 0.53125 0
1677856132294 0.4375 0
1677856132316 0.53125 0
1677856132338 0.46875 0
1677856132361 0.59375 0
1677856132383 0.53125 0
1677856132406 0.625 0
1677856132428 0.5625 0
1677856132449 0.71875 0
1677856132471 0.59375 0
1677856132492 0.59375 0
1677856132512 0.6875 0
1677856132533 0.5 0
1677856132554 0.5625 0
1677856132574 0.5625 0
1677856132595 0.625 0
1677856132616 0.625 0
1677856132636 0.53125 0
1677856132657 0.5 0
1677856132678 0.625 0
1677856132699 0.59375 0
1677856132719 0.71875 0
1677856132740 0.53125 0
1677856132759 1.0 0
1677856132960 0.5496 0
1677856134214 0.65625 0
1677856134238 0.5 0
1677856134260 0.59375 0
1677856134281 0.5625 0
1677856134304 0.625 0
1677856134325 0.5625 0
1677856134347 0.59375 0
1677856134369 0.53125 0
1677856134390 0.59375 0
1677856134412 0.65625 0
1677856134433 0.46875 0
1677856134454 0.59375 0
1677856134476 0.59375 0
1677856134497 0.46875 0
1677856134518 0.53125 0
1677856134540 0.5625 0
1677856134561 0.375 0
1677856134582 0.71875 0
1677856134604 0.5 0
1677856134625 0.71875 0
1677856134646 0.46875 0
1677856134667 0.65625 0
1677856134688 0.6875 0
1677856134710 0.625 0
1677856134731 0.53125 0
1677856134752 0.59375 0
1677856134773 0.5625 0
1677856134795 0.59375 0
1677856134817 0.65625 0
1677856134838 0.6875 0
1677856134859 0.59375 0
1677856134880 0.8125 0
1677856134903 0.59375 0
1677856134926 0.53125 0
1677856134947 0.59375 0
1677856134968 0.625 0
1677856134990 0.59375 0
1677856135011 0.59375 0
1677856135032 0.53125 0
1677856135053 0.75 0
1677856135075 0.59375 0
1677856135096 0.4375 0
1677856135117 0.53125 0
1677856135138 0.65625 0
1677856135159 0.53125 0
1677856135180 0.59375 0
1677856135201 0.625 0
1677856135222 0.5 0
1677856135243 0.46875 0
1677856135264 0.53125 0
1677856135285 0.65625 0
1677856135306 0.5 0
1677856135327 0.53125 0
1677856135348 0.625 0
1677856135369 0.65625 0
1677856135390 0.4375 0
1677856135411 0.6875 0
1677856135432 0.625 0
1677856135454 0.71875 0
1677856135475 0.59375 0
1677856135496 0.625 0
1677856135517 0.59375 0
1677856135538 0.5625 0
1677856135559 0.65625 0
1677856135581 0.625 0
1677856135602 0.53125 0
1677856135623 0.65625 0
1677856135644 0.625 0
1677856135665 0.65625 0
1677856135686 0.4375 0
1677856135708 0.78125 0
1677856135729 0.5 0
1677856135750 0.53125 0
1677856135771 0.5625 0
1677856135792 0.71875 0
1677856135813 0.5 0
1677856135835 0.6875 0
1677856135856 0.5625 0
1677856135875 0.5 0
1677856136043 0.5896 0
1677856137305 0.5625 0
1677856137336 0.65625 0
1677856137359 0.59375 0
1677856137381 0.75 0
1677856137403 0.46875 0
1677856137426 0.5 0
1677856137448 0.5 0
1677856137470 0.53125 0
1677856137492 0.5625 0
1677856137513 0.65625 0
1677856137535 0.5625 0
1677856137556 0.5625 0
1677856137578 0.5625 0
1677856137599 0.6875 0
1677856137620 0.75 0
1677856137642 0.5 0
1677856137662 0.625 0
1677856137684 0.5625 0
1677856137706 0.53125 0
1677856137728 0.59375 0
1677856137750 0.625 0
1677856137772 0.625 0
1677856137794 0.625 0
1677856137816 0.65625 0
1677856137838 0.5 0
1677856137859 0.6875 0
1677856137881 0.53125 0
1677856137903 0.625 0
1677856137925 0.6875 0
1677856137947 0.625 0
1677856137969 0.65625 0
1677856137990 0.59375 0
1677856138012 0.5625 0
1677856138034 0.59375 0
1677856138056 0.59375 0
1677856138078 0.625 0
1677856138100 0.40625 0
1677856138121 0.625 0
1677856138143 0.6875 0
1677856138166 0.625 0
1677856138189 0.5625 0
1677856138210 0.625 0
1677856138232 0.53125 0
1677856138254 0.625 0
1677856138275 0.4375 0
1677856138297 0.625 0
1677856138319 0.5 0
1677856138341 0.625 0
1677856138362 0.5625 0
1677856138384 0.40625 0
1677856138406 0.65625 0
1677856138428 0.625 0
1677856138449 0.71875 0
1677856138471 0.5625 0
1677856138493 0.71875 0
1677856138515 0.6875 0
1677856138536 0.59375 0
1677856138558 0.6875 0
1677856138580 0.40625 0
1677856138602 0.65625 0
1677856138624 0.5625 0
1677856138645 0.65625 0
1677856138667 0.46875 0
1677856138689 0.75 0
1677856138711 0.6875 0
1677856138733 0.65625 0
1677856138754 0.53125 0
1677856138776 0.75 0
1677856138798 0.5625 0
1677856138820 0.625 0
1677856138842 0.53125 0
1677856138863 0.71875 0
1677856138885 0.375 0
1677856138907 0.625 0
1677856138929 0.625 0
1677856138953 0.65625 0
1677856138975 0.6875 0
1677856138998 0.59375 0
1677856139020 0.75 0
1677856139225 0.5996 0
1677856140474 0.5625 0
1677856140504 0.53125 0
1677856140525 0.65625 0
1677856140545 0.625 0
1677856140572 0.625 0
1677856140593 0.5625 0
1677856140616 0.46875 0
1677856140637 0.625 0
1677856140659 0.59375 0
1677856140681 0.4375 0
1677856140702 0.53125 0
1677856140724 0.65625 0
1677856140746 0.53125 0
1677856140768 0.53125 0
1677856140789 0.5625 0
1677856140811 0.71875 0
1677856140833 0.59375 0
1677856140854 0.65625 0
1677856140876 0.5625 0
1677856140898 0.65625 0
1677856140920 0.65625 0
1677856140941 0.625 0
1677856140963 0.75 0
1677856140985 0.71875 0
1677856141007 0.59375 0
1677856141029 0.65625 0
1677856141053 0.59375 0
1677856141076 0.625 0
1677856141098 0.6875 0
1677856141120 0.625 0
1677856141142 0.5625 0
1677856141163 0.625 0
1677856141185 0.625 0
1677856141207 0.65625 0
1677856141229 0.53125 0
1677856141251 0.6875 0
1677856141273 0.625 0
1677856141295 0.625 0
1677856141317 0.5625 0
1677856141338 0.59375 0
1677856141360 0.625 0
1677856141382 0.59375 0
1677856141403 0.59375 0
1677856141425 0.59375 0
1677856141447 0.6875 0
1677856141468 0.65625 0
1677856141490 0.6875 0
1677856141511 0.59375 0
1677856141533 0.65625 0
1677856141555 0.5625 0
1677856141576 0.46875 0
1677856141598 0.71875 0
1677856141620 0.65625 0
1677856141641 0.6875 0
1677856141674 0.53125 0
1677856141703 0.65625 0
1677856141724 0.65625 0
1677856141746 0.65625 0
1677856141768 0.71875 0
1677856141789 0.625 0
1677856141811 0.625 0
1677856141833 0.5 0
1677856141854 0.5625 0
1677856141876 0.6875 0
1677856141898 0.375 0
1677856141917 0.625 0
1677856141938 0.5625 0
1677856141960 0.65625 0
1677856141981 0.5625 0
1677856142003 0.78125 0
1677856142025 0.71875 0
1677856142047 0.46875 0
1677856142070 0.65625 0
1677856142093 0.6875 0
1677856142117 0.5625 0
1677856142141 0.46875 0
1677856142164 0.6875 0
1677856142188 0.5625 0
1677856142210 0.75 0
1677856142407 0.6116 0
1677856143631 0.65625 0
1677856143663 0.5 0
1677856143689 0.71875 0
1677856143711 0.71875 0
1677856143735 0.625 0
1677856143757 0.5625 0
1677856143785 0.75 0
1677856143813 0.6875 0
1677856143835 0.53125 0
1677856143857 0.53125 0
1677856143881 0.59375 0
1677856143903 0.53125 0
1677856143926 0.5625 0
1677856143948 0.53125 0
1677856143971 0.5625 0
1677856143993 0.71875 0
1677856144016 0.65625 0
1677856144038 0.59375 0
1677856144060 0.71875 0
1677856144082 0.625 0
1677856144105 0.65625 0
1677856144127 0.625 0
1677856144150 0.6875 0
1677856144173 0.6875 0
1677856144195 0.625 0
1677856144218 0.75 0
1677856144245 0.5625 0
1677856144281 0.65625 0
1677856144303 0.625 0
1677856144325 0.71875 0
1677856144348 0.75 0
1677856144370 0.46875 0
1677856144392 0.71875 0
1677856144414 0.59375 0
1677856144436 0.59375 0
1677856144458 0.5625 0
1677856144481 0.625 0
1677856144503 0.5625 0
1677856144525 0.4375 0
1677856144547 0.65625 0
1677856144569 0.59375 0
1677856144591 0.59375 0
1677856144613 0.59375 0
1677856144635 0.59375 0
1677856144658 0.75 0
1677856144680 0.71875 0
1677856144702 0.71875 0
1677856144724 0.8125 0
1677856144746 0.75 0
1677856144768 0.65625 0
1677856144790 0.6875 0
1677856144812 0.625 0
1677856144834 0.75 0
1677856144856 0.5 0
1677856144878 0.625 0
1677856144900 0.75 0
1677856144922 0.59375 0
1677856144945 0.59375 0
1677856144967 0.53125 0
1677856144989 0.71875 0
1677856145011 0.59375 0
1677856145033 0.71875 0
1677856145055 0.5625 0
1677856145077 0.71875 0
1677856145099 0.71875 0
1677856145122 0.6875 0
1677856145146 0.625 0
1677856145170 0.4375 0
1677856145192 0.5625 0
1677856145215 0.59375 0
1677856145237 0.75 0
1677856145259 0.59375 0
1677856145281 0.65625 0
1677856145303 0.53125 0
1677856145325 0.59375 0
1677856145348 0.625 0
1677856145370 0.5 0
1677856145392 0.75 0
1677856145412 0.75 0
1677856145584 0.6324 0
1677856146822 0.6875 0
1677856146848 0.5625 0
1677856146870 0.65625 0
1677856146891 0.6875 0
1677856146914 0.71875 0
1677856146937 0.625 0
1677856146956 0.65625 0
1677856146976 0.65625 0
1677856146996 0.78125 0
1677856147018 0.71875 0
1677856147043 0.6875 0
1677856147065 0.53125 0
1677856147088 0.71875 0
1677856147112 0.78125 0
1677856147137 0.5625 0
1677856147161 0.625 0
1677856147187 0.65625 0
1677856147212 0.53125 0
1677856147236 0.6875 0
1677856147259 0.84375 0
1677856147283 0.4375 0
1677856147306 0.6875 0
1677856147328 0.625 0
1677856147351 0.8125 0
1677856147374 0.625 0
1677856147396 0.4375 0
1677856147419 0.59375 0
1677856147442 0.59375 0
1677856147464 0.5 0
1677856147487 0.65625 0
1677856147510 0.59375 0
1677856147532 0.53125 0
1677856147555 0.65625 0
1677856147578 0.5625 0
1677856147601 0.71875 0
1677856147623 0.59375 0
1677856147646 0.53125 0
1677856147669 0.5625 0
1677856147691 0.6875 0
1677856147714 0.59375 0
1677856147736 0.6875 0
1677856147759 0.71875 0
1677856147781 0.78125 0
1677856147804 0.71875 0
1677856147826 0.875 0
1677856147849 0.65625 0
1677856147871 0.71875 0
1677856147894 0.75 0
1677856147915 0.6875 0
1677856147937 0.59375 0
1677856147960 0.6875 0
1677856147982 0.59375 0
1677856148004 0.6875 0
1677856148027 0.65625 0
1677856148050 0.71875 0
1677856148072 0.71875 0
1677856148095 0.625 0
1677856148117 0.6875 0
1677856148140 0.6875 0
1677856148162 0.65625 0
1677856148185 0.6875 0
1677856148207 0.625 0
1677856148230 0.75 0
1677856148252 0.5625 0
1677856148275 0.59375 0
1677856148297 0.75 0
1677856148320 0.65625 0
1677856148342 0.6875 0
1677856148365 0.6875 0
1677856148387 0.6875 0
1677856148410 0.6875 0
1677856148432 0.6875 0
1677856148455 0.71875 0
1677856148477 0.625 0
1677856148500 0.65625 0
1677856148522 0.6875 0
1677856148545 0.5 0
1677856148568 0.6875 0
1677856148588 0.75 0
1677856148770 0.6568 0
1677856150010 0.6875 0
1677856150043 0.625 0
1677856150079 0.65625 0
1677856150104 0.6875 0
1677856150129 0.65625 0
1677856150153 0.5625 0
1677856150178 0.5625 0
1677856150202 0.6875 0
1677856150226 0.625 0
1677856150251 0.6875 0
1677856150275 0.75 0
1677856150299 0.78125 0
1677856150324 0.625 0
1677856150349 0.5625 0
1677856150375 0.6875 0
1677856150400 0.5625 0
1677856150425 0.53125 0
1677856150449 0.78125 0
1677856150474 0.6875 0
1677856150498 0.875 0
1677856150522 0.8125 0
1677856150547 0.5 0
1677856150571 0.6875 0
1677856150596 0.65625 0
1677856150618 0.5625 0
1677856150637 0.625 0
1677856150656 0.53125 0
1677856150675 0.75 0
1677856150695 0.78125 0
1677856150716 0.6875 0
1677856150736 0.59375 0
1677856150756 0.78125 0
1677856150777 0.53125 0
1677856150797 0.71875 0
1677856150818 0.625 0
1677856150841 0.59375 0
1677856150864 0.75 0
1677856150888 0.5625 0
1677856150911 0.75 0
1677856150934 0.65625 0
1677856150957 0.6875 0
1677856150978 0.625 0
1677856150999 0.6875 0
1677856151022 0.59375 0
1677856151045 0.59375 0
1677856151067 0.78125 0
1677856151090 0.65625 0
1677856151113 0.625 0
1677856151136 0.625 0
1677856151330 0.75 0
1677856151359 0.65625 0
1677856151380 0.625 0
1677856151402 0.5625 0
1677856151425 0.78125 0
1677856151449 0.75 0
1677856151472 0.53125 0
1677856151495 0.78125 0
1677856151517 0.625 0
1677856151540 0.71875 0
1677856151563 0.6875 0
1677856151586 0.71875 0
1677856151610 0.75 0
1677856151633 0.65625 0
1677856151656 0.625 0
1677856151679 0.65625 0
1677856151702 0.6875 0
1677856151725 0.59375 0
1677856151748 0.625 0
1677856151771 0.5625 0
1677856151794 0.6875 0
1677856151817 0.8125 0
1677856151840 0.65625 0
1677856151863 0.78125 0
1677856151886 0.6875 0
1677856151940 0.6875 0
1677856151967 0.84375 0
1677856151992 0.8125 0
1677856152016 0.5625 0
1677856152039 0.5 0
1677856152222 0.6688 0
1677856153471 0.78125 0
1677856153499 0.6875 0
1677856153524 0.75 0
1677856153549 0.65625 0
1677856153571 0.84375 0
1677856153592 0.5625 0
1677856153614 0.625 0
1677856153635 0.6875 0
1677856153656 0.59375 0
1677856153680 0.75 0
1677856153716 0.53125 0
1677856153743 0.875 0
1677856153767 0.75 0
1677856153790 0.625 0
1677856153814 0.5625 0
1677856153837 0.71875 0
1677856153860 0.65625 0
1677856153884 0.75 0
1677856153907 0.6875 0
1677856153931 0.6875 0
1677856153955 0.71875 0
1677856153979 0.65625 0
1677856154002 0.5625 0
1677856154026 0.5 0
1677856154049 0.6875 0
1677856154073 0.59375 0
1677856154096 0.625 0
1677856154119 0.65625 0
1677856154152 0.75 0
1677856154183 0.65625 0
1677856154216 0.59375 0
1677856154245 0.65625 0
1677856154268 0.5 0
1677856154288 0.75 0
1677856154311 0.75 0
1677856154334 0.625 0
1677856154365 0.8125 0
1677856154390 0.75 0
1677856154413 0.5625 0
1677856154434 0.71875 0
1677856154454 0.71875 0
1677856154475 0.4375 0
1677856154495 0.71875 0
1677856154515 0.8125 0
1677856154536 0.59375 0
1677856154556 0.78125 0
1677856154576 0.5 0
1677856154597 0.5625 0
1677856154618 0.625 0
1677856154638 0.65625 0
1677856154658 0.78125 0
1677856154678 0.53125 0
1677856154699 0.8125 0
1677856154719 0.65625 0
1677856154739 0.625 0
1677856154760 0.6875 0
1677856154780 0.53125 0
1677856154801 0.59375 0
1677856154821 0.75 0
1677856154841 0.625 0
1677856154862 0.625 0
1677856154884 0.84375 0
1677856154907 0.71875 0
1677856154931 0.5 0
1677856154954 0.8125 0
1677856154977 0.6875 0
1677856155001 0.59375 0
1677856155024 0.65625 0
1677856155047 0.59375 0
1677856155071 0.78125 0
1677856155094 0.65625 0
1677856155114 0.65625 0
1677856155135 0.59375 0
1677856155157 0.46875 0
1677856155180 0.625 0
1677856155204 0.71875 0
1677856155227 0.5625 0
1677856155250 0.75 0
1677856155272 0.5 0
1677856155441 0.6632 0
1677856156715 0.6875 0
1677856156749 0.78125 0
1677856156780 0.625 0
1677856156812 0.625 0
1677856156845 0.78125 0
1677856156881 0.6875 0
1677856156917 0.71875 0
1677856156972 0.625 0
1677856156999 0.75 0
1677856157024 0.71875 0
1677856157046 0.625 0
1677856157070 0.65625 0
1677856157092 0.78125 0
1677856157114 0.65625 0
1677856157133 0.75 0
1677856157153 0.75 0
1677856157173 0.6875 0
1677856157194 0.4375 0
1677856157214 0.6875 0
1677856157234 0.71875 0
1677856157254 0.8125 0
1677856157274 0.59375 0
1677856157299 0.84375 0
1677856157321 0.625 0
1677856157342 0.65625 0
1677856157364 0.59375 0
1677856157386 0.71875 0
1677856157406 0.71875 0
1677856157433 0.71875 0
1677856157460 0.75 0
1677856157486 0.71875 0
1677856157512 0.71875 0
1677856157537 0.65625 0
1677856157562 0.71875 0
1677856157588 0.8125 0
1677856157613 0.6875 0
1677856157638 0.78125 0
1677856157663 0.6875 0
1677856157689 0.78125 0
1677856157714 0.625 0
1677856157739 0.6875 0
1677856157764 0.71875 0
1677856157789 0.84375 0
1677856157814 0.65625 0
1677856157839 0.78125 0
1677856157864 0.65625 0
1677856157889 0.625 0
1677856157914 0.59375 0
1677856157942 0.6875 0
1677856157967 0.625 0
1677856157992 0.6875 0
1677856158017 0.8125 0
1677856158043 0.8125 0
1677856158068 0.5625 0
1677856158093 0.84375 0
1677856158116 0.75 0
1677856158140 0.625 0
1677856158164 0.71875 0
1677856158187 0.65625 0
1677856158211 0.75 0
1677856158235 0.71875 0
1677856158258 0.75 0
1677856158282 0.71875 0
1677856158305 0.625 0
1677856158329 0.5625 0
1677856158353 0.8125 0
1677856158376 0.625 0
1677856158400 0.6875 0
1677856158423 0.875 0
1677856158447 0.65625 0
1677856158471 0.71875 0
1677856158494 0.78125 0
1677856158518 0.75 0
1677856158542 0.71875 0
1677856158565 0.59375 0
1677856158589 0.6875 0
1677856158613 0.75 0
1677856158636 0.84375 0
1677856158658 1.0 0
1677856158842 0.7048 0
1677856160072 0.6875 0
1677856160108 0.6875 0
1677856160149 0.5625 0
1677856160181 0.53125 0
1677856160216 0.71875 0
1677856160241 0.625 0
1677856160265 0.65625 0
1677856160289 0.71875 0
1677856160313 0.78125 0
1677856160338 0.65625 0
1677856160362 0.6875 0
1677856160385 0.8125 0
1677856160409 0.78125 0
1677856160433 0.625 0
1677856160457 0.59375 0
1677856160481 0.71875 0
1677856160505 0.75 0
1677856160529 0.8125 0
1677856160553 0.6875 0
1677856160577 0.8125 0
1677856160601 0.75 0
1677856160625 0.625 0
1677856160649 0.71875 0
1677856160673 0.6875 0
1677856160697 0.71875 0
1677856160721 0.75 0
1677856160746 0.59375 0
1677856160770 0.78125 0
1677856160793 0.71875 0
1677856160818 0.6875 0
1677856160842 0.75 0
1677856160866 0.625 0
1677856160890 0.53125 0
1677856160914 0.6875 0
1677856160937 0.71875 0
1677856160961 0.78125 0
1677856160985 0.71875 0
1677856161010 0.625 0
1677856161034 0.59375 0
1677856161058 0.75 0
1677856161082 0.78125 0
1677856161106 0.8125 0
1677856161129 0.78125 0
1677856161153 0.78125 0
1677856161177 0.65625 0
1677856161201 0.6875 0
1677856161225 0.6875 0
1677856161248 0.625 0
1677856161272 0.59375 0
1677856161296 0.625 0
1677856161320 0.59375 0
1677856161344 0.75 0
1677856161368 0.65625 0
1677856161391 0.6875 0
1677856161415 0.75 0
1677856161439 0.59375 0
1677856161463 0.78125 0
1677856161487 0.625 0
1677856161510 0.71875 0
1677856161534 0.65625 0
1677856161560 0.71875 0
1677856161586 0.71875 0
1677856161610 0.65625 0
1677856161634 0.625 0
1677856161658 0.71875 0
1677856161682 0.71875 0
1677856161706 0.625 0
1677856161729 0.84375 0
1677856161753 0.8125 0
1677856161777 0.6875 0
1677856161801 0.78125 0
1677856161826 0.8125 0
1677856161852 0.71875 0
1677856161878 0.75 0
1677856161904 0.6875 0
1677856161930 0.78125 0
1677856161955 0.78125 0
1677856161982 0.65625 0
1677856162006 0.75 0
1677856162223 0.7008 0
1677856163474 0.5625 0
1677856163504 0.625 0
1677856163536 0.5625 0
1677856163568 0.75 0
1677856163601 0.78125 0
1677856163629 0.625 0
1677856163655 0.8125 0
1677856163680 0.6875 0
1677856163704 0.65625 0
1677856163728 0.65625 0
1677856163753 0.84375 0
1677856163777 0.71875 0
1677856163801 0.84375 0
1677856163825 0.75 0
1677856163850 0.625 0
1677856163874 0.625 0
1677856163898 0.6875 0
1677856163924 0.6875 0
1677856163946 0.84375 0
1677856163965 0.59375 0
1677856163985 0.6875 0
1677856164005 0.75 0
1677856164026 0.6875 0
1677856164046 0.75 0
1677856164066 0.46875 0
1677856164089 0.71875 0
1677856164113 0.71875 0
1677856164137 0.78125 0
1677856164162 0.625 0
1677856164186 0.8125 0
1677856164210 0.8125 0
1677856164234 0.78125 0
1677856164407 0.6875 0
1677856164433 0.71875 0
1677856164458 0.75 0
1677856164482 0.6875 0
1677856164507 0.75 0
1677856164531 0.78125 0
1677856164556 0.75 0
1677856164580 0.8125 0
1677856164604 0.625 0
1677856164628 0.65625 0
1677856164652 0.6875 0
1677856164676 0.84375 0
1677856164700 0.71875 0
1677856164725 0.75 0
1677856164749 0.75 0
1677856164773 0.625 0
1677856164797 0.59375 0
1677856164821 0.75 0
1677856164845 0.71875 0
1677856164869 0.78125 0
1677856164894 0.6875 0
1677856164918 0.6875 0
1677856164942 0.65625 0
1677856164966 0.6875 0
1677856164991 0.65625 0
1677856165015 0.78125 0
1677856165039 0.59375 0
1677856165063 0.6875 0
1677856165087 0.78125 0
1677856165111 0.6875 0
1677856165136 0.875 0
1677856165160 0.75 0
1677856165185 0.6875 0
1677856165210 0.75 0
1677856165234 0.75 0
1677856165258 0.71875 0
1677856165283 0.8125 0
1677856165307 0.75 0
1677856165331 0.75 0
1677856165355 0.78125 0
1677856165380 0.625 0
1677856165404 0.65625 0
1677856165428 0.75 0
1677856165452 0.625 0
1677856165477 0.75 0
1677856165501 0.78125 0
1677856165524 0.5 0
1677856165707 0.7136 0
1677856166952 0.6875 0
1677856166991 0.75 0
1677856167020 0.78125 0
1677856167045 0.75 0
1677856167070 0.9375 0
1677856167095 0.90625 0
1677856167120 0.59375 0
1677856167145 0.71875 0
1677856167167 0.625 0
1677856167188 0.625 0
1677856167212 0.71875 0
1677856167236 0.78125 0
1677856167266 0.59375 0
1677856167330 0.75 0
1677856167368 0.75 0
1677856167398 0.78125 0
1677856167424 0.8125 0
1677856167449 0.625 0
1677856167473 0.6875 0
1677856167499 0.78125 0
1677856167524 0.71875 0
1677856167550 0.6875 0
1677856167575 0.65625 0
1677856167600 0.78125 0
1677856167624 0.71875 0
1677856167649 0.71875 0
1677856167674 0.71875 0
1677856167699 0.71875 0
1677856167726 0.8125 0
1677856167752 0.75 0
1677856167777 0.71875 0
1677856167802 0.8125 0
1677856167827 0.75 0
1677856167852 0.71875 0
1677856167877 0.78125 0
1677856167902 0.59375 0
1677856167927 0.6875 0
1677856167952 0.8125 0
1677856167977 0.71875 0
1677856168002 0.65625 0
1677856168026 0.6875 0
1677856168051 0.625 0
1677856168076 0.71875 0
1677856168100 0.6875 0
1677856168125 0.71875 0
1677856168150 0.71875 0
1677856168173 0.6875 0
1677856168195 0.8125 0
1677856168217 0.6875 0
1677856168241 0.71875 0
1677856168266 0.75 0
1677856168290 0.84375 0
1677856168315 0.8125 0
1677856168339 0.65625 0
1677856168364 0.65625 0
1677856168389 0.78125 0
1677856168413 0.65625 0
1677856168438 0.8125 0
1677856168462 0.75 0
1677856168487 0.75 0
1677856168512 0.8125 0
1677856168536 0.65625 0
1677856168561 0.6875 0
1677856168586 0.625 0
1677856168611 0.59375 0
1677856168635 0.65625 0
1677856168660 0.71875 0
1677856168685 0.75 0
1677856168709 0.78125 0
1677856168734 0.5625 0
1677856168759 0.8125 0
1677856168783 0.59375 0
1677856168808 0.5 0
1677856168829 0.625 0
1677856168853 0.78125 0
1677856168877 0.75 0
1677856168901 0.78125 0
1677856168928 0.6875 0
1677856169100 0.25 0
1677856169227 0.7184 0
1677856170483 0.71875 0
1677856170531 0.78125 0
1677856170567 0.65625 0
1677856170594 0.625 0
1677856170619 0.75 0
1677856170644 0.75 0
1677856170669 0.78125 0
1677856170695 0.6875 0
1677856170720 0.875 0
1677856170745 0.71875 0
1677856170770 0.78125 0
1677856170796 0.625 0
1677856170821 0.71875 0
1677856170846 0.90625 0
1677856170871 0.625 0
1677856170897 0.625 0
1677856170922 0.5625 0
1677856170947 0.75 0
1677856170973 0.65625 0
1677856170998 0.90625 0
1677856171023 0.75 0
1677856171048 0.53125 0
1677856171074 0.78125 0
1677856171099 0.75 0
1677856171124 0.59375 0
1677856171150 0.71875 0
1677856171175 0.78125 0
1677856171200 0.75 0
1677856171225 0.8125 0
1677856171251 0.75 0
1677856171276 0.8125 0
1677856171301 0.59375 0
1677856171326 0.625 0
1677856171351 0.75 0
1677856171377 0.84375 0
1677856171402 0.71875 0
1677856171427 0.75 0
1677856171452 0.8125 0
1677856171478 0.6875 0
1677856171503 0.6875 0
1677856171528 0.8125 0
1677856171553 0.71875 0
1677856171578 0.75 0
1677856171603 0.8125 0
1677856171628 0.59375 0
1677856171653 0.65625 0
1677856171679 0.71875 0
1677856171705 0.78125 0
1677856171733 0.75 0
1677856171760 0.78125 0
1677856171787 0.6875 0
1677856171815 0.59375 0
1677856171843 0.6875 0
1677856171870 0.59375 0
1677856171897 0.75 0
1677856171923 0.625 0
1677856171949 0.71875 0
1677856171974 0.75 0
1677856171999 0.6875 0
1677856172024 0.6875 0
1677856172049 0.78125 0
1677856172075 0.78125 0
1677856172100 0.625 0
1677856172125 0.78125 0
1677856172150 0.75 0
1677856172175 0.71875 0
1677856172200 0.8125 0
1677856172225 0.625 0
1677856172251 0.84375 0
1677856172276 0.6875 0
1677856172301 0.59375 0
1677856172326 0.71875 0
1677856172351 0.65625 0
1677856172377 0.8125 0
1677856172422 0.78125 0
1677856172447 0.6875 0
1677856172472 0.65625 0
1677856172498 0.59375 0
1677856172521 0.75 0
1677856172727 0.7188 0
1677856173965 0.71875 0
1677856173997 0.78125 0
1677856174023 0.8125 0
1677856174048 0.75 0
1677856174073 0.71875 0
1677856174099 0.65625 0
1677856174124 0.8125 0
1677856174150 0.78125 0
1677856174175 0.75 0
1677856174201 0.71875 0
1677856174226 0.71875 0
1677856174252 0.78125 0
1677856174278 0.78125 0
1677856174303 0.65625 0
1677856174329 0.8125 0
1677856174354 0.75 0
1677856174380 0.6875 0
1677856174405 0.875 0
1677856174431 0.75 0
1677856174456 0.6875 0
1677856174482 0.75 0
1677856174507 0.65625 0
1677856174533 0.65625 0
1677856174559 0.71875 0
1677856174584 0.65625 0
1677856174610 0.625 0
1677856174635 0.5625 0
1677856174661 0.59375 0
1677856174686 0.6875 0
1677856174712 0.875 0
1677856174737 0.71875 0
1677856174763 0.75 0
1677856174788 0.84375 0
1677856174814 0.75 0
1677856174839 0.71875 0
1677856174865 0.71875 0
1677856174890 0.71875 0
1677856174916 0.65625 0
1677856174941 0.84375 0
1677856174967 0.6875 0
1677856174992 0.8125 0
1677856175017 0.71875 0
1677856175043 0.75 0
1677856175068 0.8125 0
1677856175094 0.75 0
1677856175120 0.75 0
1677856175145 0.6875 0
1677856175171 0.75 0
1677856175196 0.71875 0
1677856175370 0.75 0
1677856175398 0.6875 0
1677856175425 0.8125 0
1677856175449 0.78125 0
1677856175471 0.84375 0
1677856175495 0.75 0
1677856175520 0.8125 0
1677856175546 0.65625 0
1677856175571 0.78125 0
1677856175597 0.8125 0
1677856175622 0.78125 0
1677856175648 0.65625 0
1677856175673 0.75 0
1677856175698 0.625 0
1677856175724 0.84375 0
1677856175749 0.75 0
1677856175775 0.8125 0
1677856175800 0.78125 0
1677856175826 0.8125 0
1677856175852 0.71875 0
1677856175877 0.90625 0
1677856175903 0.75 0
1677856175931 0.84375 0
1677856175957 0.65625 0
1677856175983 0.71875 0
1677856176009 0.8125 0
1677856176034 0.71875 0
1677856176060 0.5625 0
1677856176085 0.65625 0
1677856176109 0.5 0
1677856176295 0.7404 0
1677856177581 0.71875 0
1677856177616 0.65625 0
1677856177639 0.65625 0
1677856177664 0.59375 0
1677856177690 0.84375 0
1677856177718 0.78125 0
1677856177749 0.78125 0
1677856177774 0.78125 0
1677856177801 0.71875 0
1677856177834 0.84375 0
1677856177876 0.84375 0
1677856177906 0.875 0
1677856177939 0.78125 0
1677856177982 0.78125 0
1677856178012 0.75 0
1677856178038 0.8125 0
1677856178060 0.8125 0
1677856178082 0.90625 0
1677856178102 0.9375 0
1677856178124 0.75 0
1677856178149 0.71875 0
1677856178176 0.71875 0
1677856178199 0.875 0
1677856178223 0.65625 0
1677856178243 0.65625 0
1677856178264 0.75 0
1677856178294 0.8125 0
1677856178316 0.75 0
1677856178338 0.84375 0
1677856178360 0.75 0
1677856178384 0.8125 0
1677856178414 0.84375 0
1677856178439 0.6875 0
1677856178465 0.5625 0
1677856178491 0.65625 0
1677856178517 0.75 0
1677856178545 0.6875 0
1677856178576 0.84375 0
1677856178611 0.84375 0
1677856178638 0.78125 0
1677856178663 0.8125 0
1677856178694 0.78125 0
1677856178729 0.75 0
1677856178756 0.71875 0
1677856178790 0.8125 0
1677856178824 0.71875 0
1677856178854 0.8125 0
1677856178886 0.78125 0
1677856178927 0.65625 0
1677856178959 0.84375 0
1677856178994 0.75 0
1677856179020 0.875 0
1677856179046 0.65625 0
1677856179072 0.71875 0
1677856179098 0.75 0
1677856179124 0.75 0
1677856179145 0.75 0
1677856179167 0.71875 0
1677856179188 0.46875 0
1677856179209 0.78125 0
1677856179232 0.78125 0
1677856179256 0.5625 0
1677856179283 0.625 0
1677856179304 0.84375 0
1677856179327 0.78125 0
1677856179348 0.75 0
1677856179370 0.6875 0
1677856179392 0.8125 0
1677856179414 0.8125 0
1677856179438 0.75 0
1677856179460 0.71875 0
1677856179481 0.875 0
1677856179502 0.65625 0
1677856179523 0.71875 0
1677856179546 0.78125 0
1677856179569 0.71875 0
1677856179591 0.875 0
1677856179612 0.625 0
1677856179631 0.5 0
1677856179868 0.7548 0
1677856181175 0.78125 0
1677856181209 0.71875 0
1677856181236 0.65625 0
1677856181268 0.8125 0
1677856181301 0.78125 0
1677856181341 0.75 0
1677856181368 0.65625 0
1677856181394 0.78125 0
1677856181422 0.75 0
1677856181444 0.59375 0
1677856181472 0.75 0
1677856181496 0.625 0
1677856181516 0.78125 0
1677856181543 0.90625 0
1677856181696 0.75 0
1677856181721 0.78125 0
1677856181748 0.8125 0
1677856181772 0.6875 0
1677856181797 0.84375 0
1677856181822 0.78125 0
1677856181845 0.71875 0
1677856181873 0.8125 0
1677856181894 0.6875 0
1677856181916 0.78125 0
1677856181946 0.78125 0
1677856181977 0.75 0
1677856182008 0.875 0
1677856182028 0.6875 0
1677856182057 0.6875 0
1677856182088 0.875 0
1677856182115 0.71875 0
1677856182142 0.8125 0
1677856182169 0.78125 0
1677856182196 0.78125 0
1677856182222 0.625 0
1677856182253 0.6875 0
1677856182285 0.75 0
1677856182316 0.5625 0
1677856182343 0.78125 0
1677856182369 0.84375 0
1677856182399 0.625 0
1677856182429 0.71875 0
1677856182460 0.6875 0
1677856182489 0.8125 0
1677856182519 0.71875 0
1677856182549 0.875 0
1677856182580 0.78125 0
1677856182608 0.75 0
1677856182650 0.84375 0
1677856182676 0.78125 0
1677856182703 0.65625 0
1677856182748 0.8125 0
1677856182773 0.625 0
1677856182796 0.75 0
1677856182817 0.6875 0
1677856182837 0.6875 0
1677856182858 0.65625 0
1677856182883 0.875 0
1677856182910 0.875 0
1677856182936 0.8125 0
1677856182962 0.84375 0
1677856182989 0.84375 0
1677856183015 0.75 0
1677856183042 0.75 0
1677856183068 0.75 0
1677856183094 0.65625 0
1677856183122 0.71875 0
1677856183144 0.78125 0
1677856183167 0.90625 0
1677856183190 0.65625 0
1677856183211 0.875 0
1677856183233 0.65625 0
1677856183257 0.84375 0
1677856183279 0.78125 0
1677856183301 0.8125 0
1677856183326 0.84375 0
1677856183353 0.75 0
1677856183382 0.78125 0
1677856183410 0.25 0
1677856183603 0.756 0
1677856184985 0.78125 0
1677856185025 0.75 0
1677856185051 0.65625 0
1677856185075 0.8125 0
1677856185100 0.625 0
1677856185126 0.84375 0
1677856185151 0.84375 0
1677856185173 0.8125 0
1677856185199 0.78125 0
1677856185221 0.75 0
1677856185242 0.65625 0
1677856185264 0.71875 0
1677856185299 0.6875 0
1677856185324 0.75 0
1677856185347 0.8125 0
1677856185371 0.78125 0
1677856185392 0.8125 0
1677856185413 0.90625 0
1677856185434 0.65625 0
1677856185459 0.75 0
1677856185486 0.6875 0
1677856185512 0.8125 0
1677856185538 0.75 0
1677856185566 0.78125 0
1677856185592 0.78125 0
1677856185619 0.84375 0
1677856185645 0.75 0
1677856185672 0.84375 0
1677856185698 0.65625 0
1677856185725 0.78125 0
1677856185751 0.8125 0
1677856185778 0.6875 0
1677856185804 0.65625 0
1677856185832 0.875 0
1677856185859 0.71875 0
1677856185886 0.78125 0
1677856185912 0.625 0
1677856185939 0.65625 0
1677856185966 0.71875 0
1677856185992 0.90625 0
1677856186019 0.78125 0
1677856186045 0.6875 0
1677856186071 0.78125 0
1677856186098 0.75 0
1677856186124 0.75 0
1677856186151 0.78125 0
1677856186178 0.8125 0
1677856186206 0.84375 0
1677856186233 0.75 0
1677856186260 0.90625 0
1677856186286 0.71875 0
1677856186313 0.84375 0
1677856186340 0.84375 0
1677856186367 0.75 0
1677856186393 0.65625 0
1677856186420 0.75 0
1677856186446 0.875 0
1677856186473 0.71875 0
1677856186499 0.75 0
1677856186526 0.8125 0
1677856186552 0.6875 0
1677856186579 0.875 0
1677856186605 0.8125 0
1677856186632 0.875 0
1677856186658 0.65625 0
1677856186685 0.75 0
1677856186712 0.78125 0
1677856186738 0.71875 0
1677856186765 0.71875 0
1677856186791 0.78125 0
1677856186818 0.65625 0
1677856186844 0.71875 0
1677856186871 0.71875 0
1677856186897 0.75 0
1677856186925 0.65625 0
1677856186951 0.78125 0
1677856186978 0.71875 0
1677856187005 0.65625 0
1677856187031 0.5 0
1677856187239 0.7584 0
1677856188487 0.6875 0
1677856188519 0.6875 0
1677856188547 0.65625 0
1677856188573 0.6875 0
1677856188601 0.84375 0
1677856188797 0.78125 0
1677856188825 0.71875 0
1677856188855 0.8125 0
1677856188884 0.71875 0
1677856188913 0.84375 0
1677856188941 0.625 0
1677856188968 0.8125 0
1677856188995 0.78125 0
1677856189022 0.84375 0
1677856189049 0.84375 0
1677856189076 0.625 0
1677856189103 0.8125 0
1677856189130 0.78125 0
1677856189156 0.75 0
1677856189183 0.78125 0
1677856189210 0.75 0
1677856189237 0.84375 0
1677856189264 0.8125 0
1677856189291 0.65625 0
1677856189318 0.5625 0
1677856189345 0.90625 0
1677856189372 0.84375 0
1677856189399 0.9375 0
1677856189426 0.8125 0
1677856189453 0.84375 0
1677856189480 0.75 0
1677856189507 0.75 0
1677856189534 0.875 0
1677856189560 0.6875 0
1677856189587 0.78125 0
1677856189614 0.875 0
1677856189641 0.6875 0
1677856189668 0.75 0
1677856189695 0.78125 0
1677856189722 0.75 0
1677856189749 0.75 0
1677856189776 0.65625 0
1677856189803 0.75 0
1677856189830 0.84375 0
1677856189856 0.875 0
1677856189883 0.75 0
1677856189910 0.71875 0
1677856189936 0.8125 0
1677856189963 0.6875 0
1677856189990 0.65625 0
1677856190018 0.8125 0
1677856190045 0.65625 0
1677856190072 0.625 0
1677856190099 0.71875 0
1677856190126 0.625 0
1677856190153 0.8125 0
1677856190180 0.875 0
1677856190207 0.8125 0
1677856190234 0.6875 0
1677856190262 0.75 0
1677856190291 0.84375 0
1677856190319 0.90625 0
1677856190347 0.75 0
1677856190374 0.75 0
1677856190401 0.625 0
1677856190428 0.71875 0
1677856190455 0.78125 0
1677856190483 0.75 0
1677856190510 0.53125 0
1677856190538 0.75 0
1677856190565 0.71875 0
1677856190592 0.75 0
1677856190619 0.875 0
1677856190647 0.8125 0
1677856190674 0.8125 0
1677856190701 0.78125 0
1677856190728 0.75 0
1677856190755 0.78125 0
1677856190780 0.75 0
1677856190984 0.7604 0
1677856192239 0.84375 0
1677856192270 0.75 0
1677856192301 0.78125 0
1677856192340 0.8125 0
1677856192373 0.90625 0
1677856192410 0.65625 0
1677856192446 0.8125 0
1677856192474 0.78125 0
1677856192501 0.6875 0
1677856192528 0.78125 0
1677856192555 0.8125 0
1677856192582 0.78125 0
1677856192609 0.84375 0
1677856192636 0.75 0
1677856192663 0.8125 0
1677856192690 0.84375 0
1677856192717 0.75 0
1677856192744 0.78125 0
1677856192771 0.90625 0
1677856192798 0.84375 0
1677856192826 0.75 0
1677856192854 0.6875 0
1677856192896 0.78125 0
1677856192923 0.75 0
1677856192950 0.875 0
1677856192978 0.90625 0
1677856193005 0.71875 0
1677856193032 0.75 0
1677856193206 0.875 0
1677856193235 0.71875 0
1677856193262 0.71875 0
1677856193289 0.84375 0
1677856193317 0.75 0
1677856193344 0.84375 0
1677856193371 0.8125 0
1677856193398 0.71875 0
1677856193425 0.84375 0
1677856193453 0.6875 0
1677856193480 0.8125 0
1677856193507 0.75 0
1677856193534 0.8125 0
1677856193561 0.8125 0
1677856193588 0.8125 0
1677856193616 0.6875 0
1677856193645 0.8125 0
1677856193674 0.75 0
1677856193703 0.71875 0
1677856193732 0.65625 0
1677856193761 0.71875 0
1677856193791 0.75 0
1677856193820 0.75 0
1677856193848 0.6875 0
1677856193876 0.84375 0
1677856193903 0.78125 0
1677856193930 0.78125 0
1677856193958 0.875 0
1677856193985 0.75 0
1677856194012 0.875 0
1677856194039 0.71875 0
1677856194066 0.75 0
1677856194093 0.78125 0
1677856194120 0.6875 0
1677856194147 0.71875 0
1677856194174 0.75 0
1677856194201 0.84375 0
1677856194228 0.59375 0
1677856194256 0.75 0
1677856194283 0.625 0
1677856194310 0.6875 0
1677856194338 0.8125 0
1677856194366 0.75 0
1677856194395 0.71875 0
1677856194423 0.75 0
1677856194451 0.71875 0
1677856194478 0.6875 0
1677856194505 0.875 0
1677856194533 0.8125 0
1677856194560 0.78125 0
1677856194586 0.25 0
1677856194780 0.7712 0
1677856196044 0.84375 0
1677856196071 0.75 0
1677856196095 0.75 0
1677856196117 0.78125 0
1677856196139 0.84375 0
1677856196163 0.71875 0
1677856196188 0.75 0
1677856196218 0.875 0
1677856196246 0.75 0
1677856196274 0.9375 0
1677856196301 0.8125 0
1677856196329 0.84375 0
1677856196357 0.6875 0
1677856196384 0.75 0
1677856196413 0.8125 0
1677856196588 0.75 0
1677856196618 0.84375 0
1677856196645 0.625 0
1677856196673 0.84375 0
1677856196701 0.71875 0
1677856196728 0.8125 0
1677856196756 0.8125 0
1677856196783 0.875 0
1677856196811 0.65625 0
1677856196839 0.84375 0
1677856196866 0.75 0
1677856196894 0.875 0
1677856196922 0.78125 0
1677856196949 0.75 0
1677856196978 0.75 0
1677856197006 0.8125 0
1677856197033 0.78125 0
1677856197061 1.0 0
1677856197089 0.6875 0
1677856197116 0.78125 0
1677856197144 0.71875 0
1677856197172 0.90625 0
1677856197199 0.84375 0
1677856197227 0.875 0
1677856197255 0.84375 0
1677856197282 0.71875 0
1677856197310 0.84375 0
1677856197337 0.84375 0
1677856197365 0.6875 0
1677856197392 0.8125 0
1677856197420 0.75 0
1677856197448 0.875 0
1677856197475 0.78125 0
1677856197502 0.84375 0
1677856197530 0.8125 0
1677856197557 0.875 0
1677856197585 0.8125 0
1677856197612 0.90625 0
1677856197640 0.75 0
1677856197667 0.8125 0
1677856197695 0.6875 0
1677856197723 0.78125 0
1677856197751 0.65625 0
1677856197778 0.75 0
1677856197806 0.75 0
1677856197833 0.75 0
1677856197861 0.6875 0
1677856197888 0.90625 0
1677856197916 0.90625 0
1677856197943 0.78125 0
1677856197971 0.78125 0
1677856198017 0.84375 0
1677856198045 0.8125 0
1677856198072 0.9375 0
1677856198100 0.71875 0
1677856198128 0.84375 0
1677856198155 0.71875 0
1677856198183 0.84375 0
1677856198209 0.8125 0
1677856198235 0.84375 0
1677856198262 0.8125 0
1677856198290 0.6875 0
1677856198320 0.84375 0
1677856198347 0.75 0
1677856198525 0.7964 0
1677856199791 0.84375 0
1677856199827 0.75 0
1677856199853 0.8125 0
1677856199999 0.9375 0
1677856200028 0.75 0
1677856200052 0.71875 0
1677856200076 0.8125 0
1677856200099 0.71875 0
1677856200134 0.6875 0
1677856200159 0.6875 0
1677856200181 0.71875 0
1677856200203 0.8125 0
1677856200227 0.90625 0
1677856200250 0.90625 0
1677856200272 0.78125 0
1677856200294 0.8125 0
1677856200317 0.75 0
1677856200345 0.71875 0
1677856200373 0.875 0
1677856200401 0.78125 0
1677856200429 0.84375 0
1677856200457 0.75 0
1677856200485 0.65625 0
1677856200514 0.8125 0
1677856200544 0.75 0
1677856200573 0.875 0
1677856200601 0.6875 0
1677856200630 0.65625 0
1677856200658 0.6875 0
1677856200686 0.78125 0
1677856200714 0.625 0
1677856200742 0.75 0
1677856200770 0.875 0
1677856200798 0.78125 0
1677856200826 0.78125 0
1677856200854 0.6875 0
1677856200882 0.875 0
1677856200910 0.8125 0
1677856200938 0.6875 0
1677856200967 0.875 0
1677856200994 0.78125 0
1677856201022 0.8125 0
1677856201051 0.71875 0
1677856201079 0.78125 0
1677856201106 0.71875 0
1677856201135 0.71875 0
1677856201163 0.8125 0
1677856201191 0.75 0
1677856201218 0.75 0
1677856201246 0.875 0
1677856201274 0.875 0
1677856201302 0.84375 0
1677856201330 0.78125 0
1677856201357 0.78125 0
1677856201385 0.75 0
1677856201413 0.6875 0
1677856201441 0.78125 0
1677856201469 0.71875 0
1677856201497 0.75 0
1677856201525 0.84375 0
1677856201553 0.78125 0
1677856201581 0.875 0
1677856201609 0.8125 0
1677856201636 0.75 0
1677856201664 0.6875 0
1677856201692 0.78125 0
1677856201720 0.8125 0
1677856201748 0.84375 0
1677856201776 0.75 0
1677856201804 0.71875 0
1677856201927 0.8125 0
1677856201957 0.90625 0
1677856201986 0.75 0
1677856202014 0.84375 0
1677856202042 0.84375 0
1677856202070 0.8125 0
1677856202098 0.84375 0
1677856202126 0.78125 0
1677856202152 0.5 0
1677856202354 0.7812 0
1677856203602 0.84375 0
1677856203643 0.75 0
1677856203678 0.78125 0
1677856203711 0.75 0
1677856203741 0.71875 0
1677856203772 0.8125 0
1677856203800 0.84375 0
1677856203825 0.8125 0
1677856203850 0.84375 0
1677856203878 0.75 0
1677856203904 0.84375 0
1677856203933 0.78125 0
1677856203962 0.75 0
1677856203991 0.71875 0
1677856204019 0.53125 0
1677856204048 0.75 0
1677856204076 0.78125 0
1677856204105 0.6875 0
1677856204133 0.90625 0
1677856204162 0.8125 0
1677856204190 0.75 0
1677856204219 0.71875 0
1677856204247 0.75 0
1677856204276 0.65625 0
1677856204304 0.90625 0
1677856204332 0.78125 0
1677856204360 0.71875 0
1677856204389 0.84375 0
1677856204417 0.8125 0
1677856204445 0.78125 0
1677856204473 0.78125 0
1677856204502 0.8125 0
1677856204530 0.78125 0
1677856204559 0.78125 0
1677856204588 0.78125 0
1677856204619 0.6875 0
1677856204649 0.875 0
1677856204678 0.78125 0
1677856204708 0.75 0
1677856204736 0.90625 0
1677856204765 0.875 0
1677856204793 0.75 0
1677856204822 0.75 0
1677856204850 0.8125 0
1677856204879 0.84375 0
1677856204907 0.78125 0
1677856204936 0.8125 0
1677856204964 0.8125 0
1677856204993 0.8125 0
1677856205021 0.71875 0
1677856205049 0.75 0
1677856205077 0.8125 0
1677856205105 0.78125 0
1677856205133 0.8125 0
1677856205161 0.8125 0
1677856205190 0.75 0
1677856205218 0.6875 0
1677856205392 0.71875 0
1677856205422 0.90625 0
1677856205450 0.875 0
1677856205479 0.75 0
1677856205507 0.6875 0
1677856205535 0.90625 0
1677856205563 0.875 0
1677856205592 0.71875 0
1677856205620 0.6875 0
1677856205648 0.75 0
1677856205676 0.71875 0
1677856205704 0.875 0
1677856205732 0.75 0
1677856205761 0.75 0
1677856205789 0.875 0
1677856205817 0.90625 0
1677856205843 0.8125 0
1677856205873 0.8125 0
1677856205909 0.8125 0
1677856205945 0.84375 0
1677856205980 0.8125 0
1677856206013 0.25 0
1677856206200 0.7856 0
1677856207445 0.8125 0
1677856207486 0.75 0
1677856207522 0.75 0
1677856207551 0.8125 0
1677856207581 0.8125 0
1677856207610 0.875 0
1677856207639 0.71875 0
1677856207667 0.875 0
1677856207694 0.78125 0
1677856207722 0.84375 0
1677856207752 0.8125 0
1677856207788 0.6875 0
1677856207825 0.6875 0
1677856207854 0.875 0
1677856207884 0.53125 0
1677856207914 0.78125 0
1677856207942 0.6875 0
1677856207971 0.65625 0
1677856208000 0.8125 0
1677856208028 0.8125 0
1677856208057 0.8125 0
1677856208086 0.75 0
1677856208114 0.78125 0
1677856208143 0.625 0
1677856208172 0.875 0
1677856208200 0.84375 0
1677856208233 0.8125 0
1677856208266 0.78125 0
1677856208294 0.78125 0
1677856208323 0.84375 0
1677856208352 0.75 0
1677856208380 0.78125 0
1677856208410 0.8125 0
1677856208440 0.6875 0
1677856208471 0.75 0
1677856208502 0.90625 0
1677856208532 0.84375 0
1677856208563 0.84375 0
1677856208595 0.75 0
1677856208626 0.8125 0
1677856208655 0.75 0
1677856208685 0.8125 0
1677856208714 0.84375 0
1677856208892 0.84375 0
1677856208923 0.8125 0
1677856208948 0.84375 0
1677856208971 0.8125 0
1677856208994 0.8125 0
1677856209022 0.8125 0
1677856209050 0.6875 0
1677856209079 0.78125 0
1677856209108 0.78125 0
1677856209136 0.8125 0
1677856209165 0.84375 0
1677856209193 0.75 0
1677856209222 0.875 0
1677856209246 0.96875 0
1677856209269 0.6875 0
1677856209292 0.71875 0
1677856209319 0.875 0
1677856209348 0.84375 0
1677856209376 0.75 0
1677856209405 0.75 0
1677856209433 0.875 0
1677856209463 0.78125 0
1677856209491 0.8125 0
1677856209520 0.84375 0
1677856209549 0.71875 0
1677856209577 0.8125 0
1677856209606 0.59375 0
1677856209635 0.6875 0
1677856209663 0.875 0
1677856209692 0.8125 0
1677856209721 0.78125 0
1677856209749 0.8125 0
1677856209778 0.84375 0
1677856209806 0.78125 0
1677856209835 0.9375 0
1677856209857 0.5 0
1677856210068 0.79 0
1677856211323 0.84375 0
1677856211358 0.71875 0
1677856211387 0.71875 0
1677856211416 0.6875 0
1677856211445 0.90625 0
1677856211474 0.875 0
1677856211503 0.8125 0
1677856211532 0.78125 0
1677856211561 0.75 0
1677856211589 0.8125 0
1677856211618 0.8125 0
1677856211647 0.78125 0
1677856211676 0.71875 0
1677856211705 0.84375 0
1677856211734 0.78125 0
1677856211764 0.8125 0
1677856211794 0.8125 0
1677856211823 0.78125 0
1677856211852 0.75 0
1677856211881 0.8125 0
1677856211909 0.625 0
1677856211938 0.78125 0
1677856211967 0.5625 0
1677856211996 0.78125 0
1677856212025 0.75 0
1677856212054 0.84375 0
1677856212083 0.875 0
1677856212112 0.75 0
1677856212141 0.84375 0
1677856212315 0.6875 0
1677856212345 0.78125 0
1677856212375 0.8125 0
1677856212404 0.8125 0
1677856212433 0.84375 0
1677856212462 0.8125 0
1677856212491 0.9375 0
1677856212520 0.875 0
1677856212550 0.78125 0
1677856212579 0.8125 0
1677856212608 0.90625 0
1677856212637 0.84375 0
1677856212665 0.8125 0
1677856212694 0.90625 0
1677856212723 0.90625 0
1677856212751 0.8125 0
1677856212780 0.71875 0
1677856212810 0.875 0
1677856212841 0.84375 0
1677856212871 0.84375 0
1677856212900 0.875 0
1677856212929 0.78125 0
1677856212958 0.9375 0
1677856212987 0.84375 0
1677856213016 0.875 0
1677856213045 0.75 0
1677856213073 0.875 0
1677856213103 0.75 0
1677856213132 0.84375 0
1677856213161 0.75 0
1677856213189 0.8125 0
1677856213218 0.75 0
1677856213245 0.78125 0
1677856213273 0.8125 0
1677856213302 0.8125 0
1677856213331 0.8125 0
1677856213362 0.8125 0
1677856213393 0.75 0
1677856213424 0.84375 0
1677856213456 0.75 0
1677856213487 0.875 0
1677856213519 0.65625 0
1677856213550 0.71875 0
1677856213671 0.78125 0
1677856213702 0.71875 0
1677856213732 0.6875 0
1677856213761 0.78125 0
1677856213789 0.90625 0
1677856213818 0.84375 0
1677856213846 0.5 0
1677856214045 0.8 0
1677856215295 0.8125 0
1677856215330 0.6875 0
1677856215360 0.75 0
1677856215389 0.8125 0
1677856215419 0.78125 0
1677856215449 0.875 0
1677856215478 0.90625 0
1677856215508 0.78125 0
1677856215537 0.78125 0
1677856215567 0.875 0
1677856215596 0.78125 0
1677856215626 0.75 0
1677856215655 0.8125 0
1677856215685 0.65625 0
1677856215714 0.78125 0
1677856215744 0.71875 0
1677856215773 0.90625 0
1677856215803 0.875 0
1677856215832 0.9375 0
1677856215862 0.90625 0
1677856215891 0.84375 0
1677856215922 0.8125 0
1677856215951 0.875 0
1677856215981 0.75 0
1677856216010 0.6875 0
1677856216040 0.78125 0
1677856216070 0.71875 0
1677856216099 0.8125 0
1677856216129 0.84375 0
1677856216158 0.84375 0
1677856216188 0.90625 0
1677856216218 0.71875 0
1677856216395 0.8125 0
1677856216426 0.9375 0
1677856216456 0.8125 0
1677856216486 0.90625 0
1677856216515 0.84375 0
1677856216545 0.78125 0
1677856216575 0.75 0
1677856216604 0.78125 0
1677856216633 0.78125 0
1677856216663 0.9375 0
1677856216693 0.59375 0
1677856216722 0.84375 0
1677856216752 0.84375 0
1677856216781 0.84375 0
1677856216811 0.84375 0
1677856216840 0.875 0
1677856216870 0.8125 0
1677856216896 0.8125 0
1677856216925 0.9375 0
1677856216957 0.875 0
1677856216987 0.65625 0
1677856217016 0.6875 0
1677856217046 0.6875 0
1677856217075 0.71875 0
1677856217104 0.875 0
1677856217134 0.90625 0
1677856217163 0.84375 0
1677856217192 0.84375 0
1677856217222 0.8125 0
1677856217251 0.90625 0
1677856217280 0.875 0
1677856217400 0.84375 0
1677856217431 0.78125 0
1677856217461 0.8125 0
1677856217491 0.78125 0
1677856217520 0.84375 0
1677856217549 0.75 0
1677856217579 0.8125 0
1677856217608 0.78125 0
1677856217637 0.78125 0
1677856217667 0.71875 0
1677856217696 0.90625 0
1677856217725 0.875 0
1677856217755 0.78125 0
1677856217784 0.8125 0
1677856217814 0.75 0
1677856217842 0.5 0
1677856218040 0.8104 0
1677856219306 0.8125 0
1677856219343 0.875 0
1677856219374 0.71875 0
1677856219405 0.8125 0
1677856219436 0.8125 0
1677856219467 0.84375 0
1677856219498 0.8125 0
1677856219538 0.8125 0
1677856219569 0.8125 0
1677856219593 0.84375 0
1677856219618 0.875 0
1677856219640 0.8125 0
1677856219668 0.9375 0
1677856219698 0.71875 0
1677856219728 0.78125 0
1677856219757 0.8125 0
1677856219787 0.8125 0
1677856219817 0.71875 0
1677856219847 0.78125 0
1677856219876 0.75 0
1677856219906 0.875 0
1677856219936 0.78125 0
1677856219965 0.84375 0
1677856219995 0.90625 0
1677856220025 0.875 0
1677856220055 0.65625 0
1677856220085 0.8125 0
1677856220115 0.84375 0
1677856220144 0.78125 0
1677856220174 0.875 0
1677856220205 0.875 0
1677856220235 0.90625 0
1677856220265 0.90625 0
1677856220295 0.8125 0
1677856220325 0.90625 0
1677856220355 0.875 0
1677856220385 0.71875 0
1677856220560 0.75 0
1677856220592 0.8125 0
1677856220622 0.71875 0
1677856220651 0.71875 0
1677856220681 0.875 0
1677856220710 0.71875 0
1677856220740 0.90625 0
1677856220770 0.875 0
1677856220800 0.90625 0
1677856220830 0.875 0
1677856220860 0.84375 0
1677856220890 0.65625 0
1677856220919 0.75 0
1677856220949 0.78125 0
1677856220979 0.875 0
1677856221009 0.8125 0
1677856221041 0.78125 0
1677856221072 0.71875 0
1677856221102 0.6875 0
1677856221131 0.6875 0
1677856221161 0.8125 0
1677856221191 0.9375 0
1677856221220 0.75 0
1677856221250 0.78125 0
1677856221280 0.71875 0
1677856221310 0.75 0
1677856221339 0.8125 0
1677856221369 0.71875 0
1677856221399 0.75 0
1677856221429 0.78125 0
1677856221458 0.78125 0
1677856221488 0.8125 0
1677856221518 0.8125 0
1677856221547 0.8125 0
1677856221577 0.875 0
1677856221607 0.78125 0
1677856221729 0.875 0
1677856221760 0.8125 0
1677856221790 0.78125 0
1677856221820 0.6875 0
1677856221850 0.90625 0
1677856221875 0.75 0
1677856222079 0.8064 0
1677856223321 0.84375 0
1677856223370 0.78125 0
1677856223413 0.78125 0
1677856223448 0.9375 0
1677856223486 0.78125 0
1677856223522 0.875 0
1677856223562 0.84375 0
1677856223594 0.90625 0
1677856223632 0.8125 0
1677856223663 0.8125 0
1677856223694 0.75 0
1677856223724 0.875 0
1677856223754 0.78125 0
1677856223785 0.8125 0
1677856223815 0.75 0
1677856223845 0.75 0
1677856223875 0.75 0
1677856223905 0.8125 0
1677856223935 0.875 0
1677856223965 0.84375 0
1677856223996 0.6875 0
1677856224026 0.84375 0
1677856224056 0.78125 0
1677856224086 0.78125 0
1677856224116 0.78125 0
1677856224146 0.84375 0
1677856224177 0.8125 0
1677856224207 0.71875 0
1677856224238 0.78125 0
1677856224268 0.84375 0
1677856224298 0.90625 0
1677856224329 0.75 0
1677856224359 0.8125 0
1677856224389 0.90625 0
1677856224420 0.78125 0
1677856224450 0.84375 0
1677856224481 0.78125 0
1677856224511 0.8125 0
1677856224541 0.8125 0
1677856224571 0.8125 0
1677856224601 0.8125 0
1677856224631 0.875 0
1677856224661 0.78125 0
1677856224836 0.8125 0
1677856224868 0.875 0
1677856224898 0.75 0
1677856224929 0.8125 0
1677856224959 0.78125 0
1677856224989 0.75 0
1677856225019 0.90625 0
1677856225050 0.84375 0
1677856225080 0.71875 0
1677856225110 0.84375 0
1677856225142 0.78125 0
1677856225173 0.9375 0
1677856225203 0.71875 0
1677856225232 0.8125 0
1677856225265 0.78125 0
1677856225309 0.78125 0
1677856225336 0.90625 0
1677856225359 0.78125 0
1677856225383 0.71875 0
1677856225412 0.78125 0
1677856225442 0.84375 0
1677856225472 0.78125 0
1677856225502 0.71875 0
1677856225532 0.875 0
1677856225563 0.8125 0
1677856225593 0.8125 0
1677856225623 0.78125 0
1677856225653 0.78125 0
1677856225683 0.8125 0
1677856225713 0.875 0
1677856225743 0.8125 0
1677856225774 0.6875 0
1677856225804 0.875 0
1677856225834 0.84375 0
1677856225864 0.875 0
1677856225893 0.75 0
1677856226078 0.8104 0
1677856227378 0.875 0
1677856227414 0.875 0
1677856227445 0.78125 0
1677856227476 0.875 0
1677856227507 0.84375 0
1677856227539 0.8125 0
1677856227570 0.8125 0
1677856227602 0.78125 0
1677856227634 0.8125 0
1677856227664 0.90625 0
1677856227695 0.78125 0
1677856227725 0.6875 0
1677856227756 0.78125 0
1677856227786 0.875 0
1677856227817 0.90625 0
1677856227847 0.59375 0
1677856227877 0.875 0
1677856227908 0.8125 0
1677856227938 0.90625 0
1677856227968 0.90625 0
1677856227999 0.71875 0
1677856228191 0.875 0
1677856228225 0.78125 0
1677856228259 0.8125 0
1677856228293 0.71875 0
1677856228326 0.78125 0
1677856228353 0.9375 0
1677856228380 0.84375 0
1677856228404 0.65625 0
1677856228430 0.65625 0
1677856228454 0.78125 0
1677856228481 0.625 0
1677856228505 0.875 0
1677856228531 0.75 0
1677856228554 0.96875 0
1677856228580 0.75 0
1677856228604 0.875 0
1677856228629 0.8125 0
1677856228658 0.78125 0
1677856228689 0.8125 0
1677856228758 0.71875 0
1677856228788 0.96875 0
1677856228819 0.78125 0
1677856228849 0.75 0
1677856228879 0.90625 0
1677856228910 0.90625 0
1677856228940 0.8125 0
1677856228971 0.84375 0
1677856229001 0.78125 0
1677856229031 0.84375 0
1677856229062 0.875 0
1677856229092 0.75 0
1677856229122 0.8125 0
1677856229153 0.84375 0
1677856229184 0.8125 0
1677856229215 0.8125 0
1677856229247 0.875 0
1677856229278 0.84375 0
1677856229308 0.84375 0
1677856229339 0.875 0
1677856229369 0.71875 0
1677856229400 0.75 0
1677856229430 0.90625 0
1677856229460 0.84375 0
1677856229491 0.875 0
1677856229521 0.78125 0
1677856229551 0.875 0
1677856229582 0.71875 0
1677856229612 0.875 0
1677856229643 0.84375 0
1677856229673 0.90625 0
1677856229703 0.75 0
1677856229734 0.84375 0
1677856229764 0.9375 0
1677856229794 0.84375 0
1677856229825 0.78125 0
1677856229855 0.90625 0
1677856229886 0.78125 0
1677856229915 0.25 0
1677856230107 0.8184 0
1677856231361 0.8125 0
1677856231392 0.8125 0
1677856231424 0.9375 0
1677856231456 0.90625 0
1677856231487 0.71875 0
1677856231518 0.71875 0
1677856231549 0.84375 0
1677856231582 0.78125 0
1677856231612 0.8125 0
1677856231643 0.78125 0
1677856231821 0.8125 0
1677856231853 0.84375 0
1677856231884 0.78125 0
1677856231915 0.8125 0
1677856231945 0.75 0
1677856231976 0.875 0
1677856232007 0.75 0
1677856232038 0.78125 0
1677856232069 0.84375 0
1677856232099 0.90625 0
1677856232130 0.875 0
1677856232161 0.9375 0
1677856232191 0.71875 0
1677856232222 0.8125 0
1677856232253 0.84375 0
1677856232284 0.90625 0
1677856232315 0.875 0
1677856232346 0.75 0
1677856232376 0.8125 0
1677856232407 0.8125 0
1677856232438 0.8125 0
1677856232469 0.8125 0
1677856232500 0.90625 0
1677856232531 0.8125 0
1677856232561 0.875 0
1677856232592 0.8125 0
1677856232623 0.8125 0
1677856232654 0.875 0
1677856232685 0.84375 0
1677856232715 0.84375 0
1677856232746 0.71875 0
1677856232777 0.78125 0
1677856232807 0.71875 0
1677856232838 0.90625 0
1677856232868 0.71875 0
1677856232899 0.9375 0
1677856232929 0.84375 0
1677856232960 0.84375 0
1677856233092 0.84375 0
1677856233125 0.75 0
1677856233158 0.875 0
1677856233191 0.75 0
1677856233225 0.875 0
1677856233257 0.78125 0
1677856233288 0.75 0
1677856233320 0.71875 0
1677856233350 0.84375 0
1677856233373 0.8125 0
1677856233397 0.8125 0
1677856233423 0.75 0
1677856233448 0.84375 0
1677856233475 0.8125 0
1677856233507 0.90625 0
1677856233541 0.84375 0
1677856233575 0.75 0
1677856233610 0.875 0
1677856233646 0.8125 0
1677856233682 0.90625 0
1677856233716 0.8125 0
1677856233751 0.78125 0
1677856233787 0.84375 0
1677856234226 0.75 0
1677856234263 0.78125 0
1677856234294 0.84375 0
1677856234325 0.75 0
1677856234356 0.8125 0
1677856234387 0.8125 0
1677856234418 0.84375 0
1677856234448 0.25 0
1677856234644 0.8176 0
1677856235964 0.875 0
1677856236000 0.6875 0
1677856236032 0.84375 0
1677856236220 0.9375 0
1677856236257 0.8125 0
1677856236288 0.84375 0
1677856236320 0.6875 0
1677856236352 0.78125 0
1677856236384 0.84375 0
1677856236416 0.71875 0
1677856236447 0.8125 0
1677856236478 0.84375 0
1677856236510 0.75 0
1677856236545 0.8125 0
1677856236581 0.9375 0
1677856236613 0.75 0
1677856236645 0.8125 0
1677856236680 0.78125 0
1677856236706 0.84375 0
1677856236736 0.75 0
1677856236771 0.96875 0
1677856236800 0.71875 0
1677856236834 0.8125 0
1677856236865 0.8125 0
1677856236899 0.8125 0
1677856236939 0.84375 0
1677856236971 0.84375 0
1677856237003 0.90625 0
1677856237035 0.90625 0
1677856237066 0.875 0
1677856237102 0.75 0
1677856237133 0.75 0
1677856237165 0.6875 0
1677856237194 0.84375 0
1677856237219 0.8125 0
1677856237245 0.75 0
1677856237269 0.8125 0
1677856237296 0.875 0
1677856237320 0.8125 0
1677856237347 0.8125 0
1677856237371 0.71875 0
1677856237483 0.84375 0
1677856237513 0.84375 0
1677856237539 0.78125 0
1677856237569 0.84375 0
1677856237600 0.875 0
1677856237631 0.71875 0
1677856237663 0.71875 0
1677856237694 0.8125 0
1677856237725 0.90625 0
1677856237757 0.8125 0
1677856237788 0.75 0
1677856237819 0.875 0
1677856237850 0.875 0
1677856237882 0.90625 0
1677856237913 0.8125 0
1677856237944 0.75 0
1677856237976 0.78125 0
1677856238007 0.84375 0
1677856238038 0.84375 0
1677856238070 0.84375 0
1677856238101 0.75 0
1677856238132 0.875 0
1677856238164 0.84375 0
1677856238195 0.84375 0
1677856238226 0.84375 0
1677856238257 0.84375 0
1677856238289 0.8125 0
1677856238320 0.8125 0
1677856238351 0.78125 0
1677856238376 0.8125 0
1677856238406 0.78125 0
1677856238437 0.875 0
1677856238468 0.8125 0
1677856238500 0.84375 0
1677856238531 0.84375 0
1677856238563 0.90625 0
1677856238594 0.78125 0
1677856238623 0.75 0
1677856238907 0.8172 0
1677856240174 0.90625 0
1677856240212 0.78125 0
1677856240248 0.75 0
1677856240281 0.71875 0
1677856240313 0.84375 0
1677856240344 0.84375 0
1677856240377 0.90625 0
1677856240408 0.71875 0
1677856240439 0.90625 0
1677856240472 0.8125 0
1677856240503 0.78125 0
1677856240534 0.875 0
1677856240566 0.71875 0
1677856240597 0.84375 0
1677856240629 0.90625 0
1677856240660 0.875 0
1677856240692 0.875 0
1677856240723 0.875 0
1677856240755 0.90625 0
1677856240786 0.90625 0
1677856240818 0.84375 0
1677856240849 0.78125 0
1677856240881 0.75 0
1677856240913 0.84375 0
1677856240944 0.84375 0
1677856240976 0.9375 0
1677856241007 0.71875 0
1677856241039 0.875 0
1677856241070 0.84375 0
1677856241102 0.875 0
1677856241133 0.875 0
1677856241165 0.875 0
1677856241197 0.75 0
1677856241229 0.8125 0
1677856241261 0.875 0
1677856241438 0.84375 0
1677856241472 0.84375 0
1677856241504 0.78125 0
1677856241539 0.84375 0
1677856241571 0.84375 0
1677856241602 0.875 0
1677856241634 0.8125 0
1677856241665 0.8125 0
1677856241697 0.8125 0
1677856241728 0.90625 0
1677856241760 0.8125 0
1677856241791 0.8125 0
1677856241822 0.8125 0
1677856241854 0.75 0
1677856241885 0.65625 0
1677856241917 0.78125 0
1677856241943 0.875 0
1677856241967 0.8125 0
1677856241994 0.8125 0
1677856242024 0.875 0
1677856242056 0.84375 0
1677856242088 0.875 0
1677856242119 0.8125 0
1677856242151 0.75 0
1677856242182 0.78125 0
1677856242214 0.71875 0
1677856242245 0.78125 0
1677856242277 0.75 0
1677856242309 0.875 0
1677856242341 0.90625 0
1677856242372 0.75 0
1677856242404 0.8125 0
1677856242435 0.78125 0
1677856242467 0.78125 0
1677856242499 0.78125 0
1677856242530 0.84375 0
1677856242562 0.90625 0
1677856242593 0.9375 0
1677856242625 0.84375 0
1677856242748 0.71875 0
1677856242781 0.84375 0
1677856242813 0.84375 0
1677856242845 0.8125 0
1677856242875 0.75 0
1677856243073 0.8252 0
1677856244330 0.84375 0
1677856244378 0.84375 0
1677856244425 0.78125 0
1677856244476 0.78125 0
1677856244505 0.84375 0
1677856244534 0.875 0
1677856244564 0.875 0
1677856244616 0.875 0
1677856244662 0.875 0
1677856244696 0.8125 0
1677856244723 0.90625 0
1677856244753 0.71875 0
1677856244785 0.90625 0
1677856244817 0.875 0
1677856244849 0.75 0
1677856244880 0.875 0
1677856244912 0.875 0
1677856244944 0.90625 0
1677856244976 0.75 0
1677856245008 0.78125 0
1677856245040 0.8125 0
1677856245071 0.875 0
1677856245103 0.8125 0
1677856245135 0.8125 0
1677856245167 0.78125 0
1677856245198 0.75 0
1677856245230 0.71875 0
1677856245262 0.75 0
1677856245294 0.75 0
1677856245326 0.78125 0
1677856245504 0.78125 0
1677856245538 0.875 0
1677856245570 0.84375 0
1677856245602 0.8125 0
1677856245636 0.875 0
1677856245669 0.84375 0
1677856245702 0.90625 0
1677856245734 0.78125 0
1677856245766 0.84375 0
1677856245798 0.90625 0
1677856245829 0.8125 0
1677856245861 0.875 0
1677856245889 0.90625 0
1677856245919 0.8125 0
1677856245945 0.78125 0
1677856245970 0.8125 0
1677856245996 0.84375 0
1677856246021 0.75 0
1677856246047 0.78125 0
1677856246072 0.6875 0
1677856246097 0.9375 0
1677856246123 0.875 0
1677856246149 0.875 0
1677856246174 0.71875 0
1677856246201 0.6875 0
1677856246225 0.84375 0
1677856246251 0.75 0
1677856246275 0.875 0
1677856246302 0.84375 0
1677856246326 0.90625 0
1677856246352 0.8125 0
1677856246377 0.8125 0
1677856246403 0.9375 0
1677856246427 0.71875 0
1677856246454 0.84375 0
1677856246478 0.875 0
1677856246505 0.875 0
1677856246529 0.84375 0
1677856246652 0.78125 0
1677856246686 0.875 0
1677856246718 0.75 0
1677856246750 0.9375 0
1677856246781 0.875 0
1677856246813 0.8125 0
1677856246845 0.96875 0
1677856246877 0.75 0
1677856246909 0.8125 0
1677856246941 0.78125 0
1677856246971 0.75 0
1677856247161 0.8268 0
1677856248408 0.90625 0
1677856248450 0.84375 0
1677856248483 0.9375 0
1677856248516 0.84375 0
1677856248548 0.84375 0
1677856248581 0.75 0
1677856248613 0.8125 0
1677856248645 0.84375 0
1677856248678 0.8125 0
1677856248710 0.875 0
1677856248741 0.78125 0
1677856248769 0.78125 0
1677856248800 0.875 0
1677856248833 0.9375 0
1677856248865 0.875 0
1677856248897 0.78125 0
1677856248929 0.84375 0
1677856248962 0.78125 0
1677856248994 0.875 0
1677856249026 0.90625 0
1677856249059 0.90625 0
1677856249091 0.875 0
1677856249123 0.9375 0
1677856249155 0.65625 0
1677856249346 0.875 0
1677856249381 0.875 0
1677856249427 0.78125 0
1677856249461 0.875 0
1677856249491 0.9375 0
1677856249522 0.84375 0
1677856249548 0.84375 0
1677856249575 0.84375 0
1677856249604 0.6875 0
1677856249631 0.75 0
1677856249662 0.90625 0
1677856249695 0.8125 0
1677856249744 0.90625 0
1677856249777 0.75 0
1677856249810 0.8125 0
1677856249842 0.875 0
1677856249874 0.78125 0
1677856249907 0.875 0
1677856249939 0.875 0
1677856249971 0.875 0
1677856250003 0.8125 0
1677856250035 0.78125 0
1677856250067 0.75 0
1677856250099 0.90625 0
1677856250132 0.78125 0
1677856250256 0.875 0
1677856250290 0.78125 0
1677856250323 0.8125 0
1677856250355 0.96875 0
1677856250388 0.78125 0
1677856250420 0.875 0
1677856250452 0.8125 0
1677856250484 0.9375 0
1677856250517 0.8125 0
1677856250549 0.71875 0
1677856250581 0.78125 0
1677856250613 0.84375 0
1677856250645 0.8125 0
1677856250678 0.84375 0
1677856250710 0.90625 0
1677856250742 0.875 0
1677856250774 0.78125 0
1677856250806 0.6875 0
1677856250838 0.90625 0
1677856250871 0.84375 0
1677856250903 0.875 0
1677856250935 0.9375 0
1677856250967 0.875 0
1677856250999 0.78125 0
1677856251032 0.875 0
1677856251064 0.84375 0
1677856251096 0.8125 0
1677856251129 0.875 0
1677856251161 0.8125 0
1677856251192 0.5 0
1677856251416 0.8384 0
1677856252664 0.84375 0
1677856252704 0.8125 0
1677856252744 0.84375 0
1677856252783 0.84375 0
1677856252828 0.84375 0
1677856252857 0.875 0
1677856252883 0.84375 0
1677856253027 0.96875 0
1677856253056 0.8125 0
1677856253087 0.8125 0
1677856253120 0.90625 0
1677856253152 0.78125 0
1677856253185 0.90625 0
1677856253218 0.8125 0
1677856253250 0.90625 0
1677856253283 0.875 0
1677856253315 0.875 0
1677856253348 0.8125 0
1677856253381 0.875 0
1677856253414 0.90625 0
1677856253447 0.8125 0
1677856253480 0.8125 0
1677856253512 0.875 0
1677856253545 0.8125 0
1677856253577 0.875 0
1677856253611 0.9375 0
1677856253644 0.78125 0
1677856253677 0.78125 0
1677856253710 0.78125 0
1677856253742 0.90625 0
1677856253873 0.875 0
1677856253907 0.75 0
1677856253940 0.84375 0
1677856253973 0.8125 0
1677856254005 0.84375 0
1677856254038 0.84375 0
1677856254070 0.8125 0
1677856254103 0.875 0
1677856254136 0.8125 0
1677856254168 0.84375 0
1677856254201 0.75 0
1677856254235 0.9375 0
1677856254270 0.78125 0
1677856254301 0.875 0
1677856254334 0.875 0
1677856254369 0.8125 0
1677856254405 0.8125 0
1677856254440 0.90625 0
1677856254473 0.71875 0
1677856254506 0.9375 0
1677856254539 0.84375 0
1677856254571 0.78125 0
1677856254604 0.78125 0
1677856254636 0.96875 0
1677856254669 0.75 0
1677856254701 0.71875 0
1677856254728 0.875 0
1677856254755 0.90625 0
1677856254785 0.875 0
1677856254813 0.90625 0
1677856254868 0.8125 0
1677856254894 0.875 0
1677856254921 0.84375 0
1677856254948 0.875 0
1677856254973 0.6875 0
1677856255000 0.8125 0
1677856255025 0.8125 0
1677856255052 0.8125 0
1677856255078 0.75 0
1677856255110 0.78125 0
1677856255143 0.8125 0
1677856255176 0.90625 0
1677856255208 0.875 0
1677856255335 0.90625 0
1677856255370 0.84375 0
1677856255403 0.8125 0
1677856255435 0.75 0
1677856255468 0.8125 0
1677856255497 1.0 0
1677856255730 0.8392 0
1677856256975 0.9375 0
1677856257033 0.84375 0
1677856257062 0.78125 0
1677856257090 0.84375 0
1677856257116 0.8125 0
1677856257142 0.84375 0
1677856257168 0.9375 0
1677856257193 0.78125 0
1677856257225 0.8125 0
1677856257258 0.84375 0
1677856257291 0.875 0
1677856257324 0.71875 0
1677856257357 0.8125 0
1677856257390 0.84375 0
1677856257423 0.875 0
1677856257456 0.8125 0
1677856257489 0.75 0
1677856257522 0.90625 0
1677856257555 0.84375 0
1677856257588 0.78125 0
1677856257622 0.84375 0
1677856257803 0.84375 0
1677856257838 0.78125 0
1677856257875 0.875 0
1677856257909 0.84375 0
1677856257945 0.875 0
1677856257979 0.84375 0
1677856258012 0.90625 0
1677856258045 0.75 0
1677856258078 0.75 0
1677856258112 0.84375 0
1677856258145 0.84375 0
1677856258178 0.8125 0
1677856258211 0.84375 0
1677856258245 0.71875 0
1677856258278 0.90625 0
1677856258312 0.96875 0
1677856258346 0.78125 0
1677856258379 0.71875 0
1677856258412 0.875 0
1677856258445 0.90625 0
1677856258478 0.78125 0
1677856258511 0.875 0
1677856258544 0.84375 0
1677856258669 0.90625 0
1677856258704 0.90625 0
1677856258737 0.8125 0
1677856258770 0.75 0
1677856258802 0.90625 0
1677856258835 0.78125 0
1677856258868 0.8125 0
1677856258901 0.71875 0
1677856258934 0.78125 0
1677856258967 0.875 0
1677856259000 0.75 0
1677856259033 0.84375 0
1677856259065 0.9375 0
1677856259098 0.75 0
1677856259132 0.8125 0
1677856259167 0.96875 0
1677856259200 0.75 0
1677856259233 0.8125 0
1677856259269 0.875 0
1677856259305 0.90625 0
1677856259340 0.75 0
1677856259374 0.9375 0
1677856259408 0.875 0
1677856259441 0.875 0
1677856259474 0.78125 0
1677856259507 0.75 0
1677856259540 0.84375 0
1677856259573 0.90625 0
1677856259606 0.84375 0
1677856259639 0.75 0
1677856259672 0.71875 0
1677856259705 0.90625 0
1677856259738 0.90625 0
1677856259771 0.84375 0
1677856259802 0.25 0
1677856260001 0.8328 0
1677856261242 0.90625 0
1677856261293 0.78125 0
1677856261335 0.96875 0
1677856261369 0.90625 0
1677856261410 0.875 0
1677856261601 0.84375 0
1677856261632 0.78125 0
1677856261658 0.84375 0
1677856261684 0.875 0
1677856261715 0.875 0
1677856261747 0.75 0
1677856261781 0.75 0
1677856261814 0.84375 0
1677856261848 0.78125 0
1677856261882 0.875 0
1677856261915 0.78125 0
1677856261948 0.875 0
1677856261982 0.65625 0
1677856262018 0.875 0
1677856262053 0.84375 0
1677856262086 0.84375 0
1677856262120 0.90625 0
1677856262154 0.90625 0
1677856262187 0.78125 0
1677856262221 0.8125 0
1677856262254 0.8125 0
1677856262288 0.84375 0
1677856262321 0.78125 0
1677856262355 0.9375 0
1677856262388 0.90625 0
1677856262422 0.84375 0
1677856262456 0.90625 0
1677856262584 0.84375 0
1677856262619 0.8125 0
1677856262653 0.90625 0
1677856262687 0.84375 0
1677856262720 0.84375 0
1677856262754 0.78125 0
1677856262788 0.9375 0
1677856262821 0.96875 0
1677856262855 0.84375 0
1677856262888 0.8125 0
1677856262921 0.84375 0
1677856262955 0.84375 0
1677856262988 0.75 0
1677856263021 0.75 0
1677856263055 0.8125 0
1677856263088 0.9375 0
1677856263121 0.84375 0
1677856263155 0.8125 0
1677856263188 0.875 0
1677856263222 0.75 0
1677856263256 0.8125 0
1677856263289 0.9375 0
1677856263323 0.90625 0
1677856263356 0.84375 0
1677856263463 0.84375 0
1677856263497 0.90625 0
1677856263530 0.75 0
1677856263564 0.84375 0
1677856263597 0.8125 0
1677856263631 0.8125 0
1677856263664 0.96875 0
1677856263697 0.90625 0
1677856263731 0.875 0
1677856263764 0.90625 0
1677856263797 0.8125 0
1677856263831 0.78125 0
1677856263864 0.75 0
1677856263898 0.8125 0
1677856263931 0.875 0
1677856263965 0.84375 0
1677856263999 0.84375 0
1677856264033 0.875 0
1677856264072 0.75 0
1677856264110 0.90625 0
1677856264147 0.96875 0
1677856264185 0.8125 0
1677856264221 0.75 0
1677856264428 0.8452 0
1677856265696 0.9375 0
1677856265735 0.8125 0
1677856265770 0.90625 0
1677856265804 0.71875 0
1677856265838 0.6875 0
1677856265873 0.875 0
1677856265907 0.90625 0
1677856265941 0.84375 0
1677856265975 0.84375 0
1677856266007 0.90625 0
1677856266040 0.84375 0
1677856266074 0.78125 0
1677856266110 0.84375 0
1677856266145 0.78125 0
1677856266328 0.65625 0
1677856266364 0.96875 0
1677856266397 0.84375 0
1677856266431 0.90625 0
1677856266465 0.84375 0
1677856266499 0.75 0
1677856266533 0.90625 0
1677856266566 0.9375 0
1677856266600 0.84375 0
1677856266634 0.875 0
1677856266668 0.84375 0
1677856266702 0.9375 0
1677856266736 0.875 0
1677856266770 0.90625 0
1677856266803 0.875 0
1677856266837 0.90625 0
1677856266871 0.875 0
1677856266905 0.96875 0
1677856266939 0.875 0
1677856266973 0.9375 0
1677856267006 0.8125 0
1677856267040 0.6875 0
1677856267075 0.75 0
1677856267109 0.90625 0
1677856267143 0.875 0
1677856267176 0.875 0
1677856267210 0.8125 0
1677856267336 0.9375 0
1677856267371 0.75 0
1677856267405 0.8125 0
1677856267439 0.9375 0
1677856267473 0.875 0
1677856267507 0.90625 0
1677856267540 0.84375 0
1677856267574 0.9375 0
1677856267608 0.90625 0
1677856267641 0.8125 0
1677856267675 0.75 0
1677856267709 0.78125 0
1677856267742 0.71875 0
1677856267776 0.84375 0
1677856267810 0.84375 0
1677856267843 0.84375 0
1677856267877 0.84375 0
1677856267911 0.90625 0
1677856267944 0.75 0
1677856267978 0.8125 0
1677856268012 0.9375 0
1677856268045 0.78125 0
1677856268079 0.75 0
1677856268113 0.84375 0
1677856268148 0.875 0
1677856268184 0.90625 0
1677856268219 0.90625 0
1677856268345 0.84375 0
1677856268381 0.8125 0
1677856268415 0.875 0
1677856268448 0.84375 0
1677856268482 0.8125 0
1677856268516 0.84375 0
1677856268550 0.78125 0
1677856268584 0.84375 0
1677856268618 0.84375 0
1677856268651 0.875 0
1677856268684 0.75 0
1677856268909 0.8476 0
1677856270150 0.8125 0
1677856270236 0.90625 0
1677856270270 0.875 0
1677856270304 0.78125 0
1677856270338 0.9375 0
1677856270372 0.9375 0
1677856270406 0.9375 0
1677856270440 0.84375 0
1677856270474 0.875 0
1677856270508 0.65625 0
1677856270542 0.84375 0
1677856270576 0.8125 0
1677856270758 0.90625 0
1677856270794 0.875 0
1677856270828 0.84375 0
1677856270863 0.71875 0
1677856270897 0.875 0
1677856270931 0.75 0
1677856270965 0.78125 0
1677856270999 1.0 0
1677856271033 0.90625 0
1677856271067 0.90625 0
1677856271101 0.71875 0
1677856271135 0.90625 0
1677856271169 0.75 0
1677856271203 0.8125 0
1677856271237 0.9375 0
1677856271271 0.84375 0
1677856271308 0.875 0
1677856271346 0.84375 0
1677856271383 0.84375 0
1677856271420 0.8125 0
1677856271457 0.90625 0
1677856271494 0.8125 0
1677856271531 0.75 0
1677856271570 0.875 0
1677856271608 0.8125 0
1677856271742 0.71875 0
1677856271781 0.8125 0
1677856271814 0.8125 0
1677856271852 0.78125 0
1677856271889 0.84375 0
1677856271926 0.875 0
1677856271960 0.90625 0
1677856271994 0.84375 0
1677856272028 0.84375 0
1677856272062 0.875 0
1677856272096 0.90625 0
1677856272130 0.78125 0
1677856272164 0.75 0
1677856272197 0.84375 0
1677856272233 1.0 0
1677856272269 0.875 0
1677856272303 0.84375 0
1677856272337 0.75 0
1677856272371 0.875 0
1677856272405 0.84375 0
1677856272531 0.90625 0
1677856272567 0.875 0
1677856272602 0.84375 0
1677856272636 0.71875 0
1677856272670 0.84375 0
1677856272704 0.78125 0
1677856272738 0.78125 0
1677856272772 0.78125 0
1677856272806 0.8125 0
1677856272840 0.84375 0
1677856272874 0.84375 0
1677856272907 0.875 0
1677856272941 0.84375 0
1677856272975 0.875 0
1677856273009 0.96875 0
1677856273043 0.8125 0
1677856273077 0.9375 0
1677856273112 0.78125 0
1677856273146 0.84375 0
1677856273180 0.8125 0
1677856273215 0.8125 0
1677856273248 0.75 0
1677856273464 0.8416 0
1677856274751 0.75 0
1677856274780 0.78125 0
1677856274807 0.875 0
1677856274843 0.75 0
1677856274880 0.875 0
1677856274917 0.875 0
1677856275111 0.84375 0
1677856275147 0.875 0
1677856275176 0.8125 0
1677856275209 0.84375 0
1677856275244 0.78125 0
1677856275279 0.875 0
1677856275314 0.8125 0
1677856275349 0.84375 0
1677856275383 0.90625 0
1677856275417 0.8125 0
1677856275452 0.875 0
1677856275485 0.75 0
1677856275518 0.875 0
1677856275553 0.84375 0
1677856275587 0.8125 0
1677856275622 0.90625 0
1677856275656 0.9375 0
1677856275690 0.9375 0
1677856275725 0.75 0
1677856275760 0.90625 0
1677856275795 0.71875 0
1677856275829 0.8125 0
1677856275864 0.75 0
1677856275898 0.8125 0
1677856275933 0.875 0
1677856276061 0.90625 0
1677856276097 0.84375 0
1677856276132 0.875 0
1677856276167 0.84375 0
1677856276201 0.78125 0
1677856276236 0.8125 0
1677856276270 0.9375 0
1677856276305 0.90625 0
1677856276341 0.8125 0
1677856276377 0.84375 0
1677856276412 0.9375 0
1677856276446 0.9375 0
1677856276481 0.84375 0
1677856276516 0.90625 0
1677856276544 0.875 0
1677856276572 0.90625 0
1677856276605 0.875 0
1677856276639 0.8125 0
1677856276674 0.8125 0
1677856276708 0.84375 0
1677856276835 0.90625 0
1677856276871 0.9375 0
1677856276906 0.84375 0
1677856276940 0.78125 0
1677856276975 0.84375 0
1677856277009 0.78125 0
1677856277043 0.75 0
1677856277078 0.75 0
1677856277112 0.71875 0
1677856277146 0.9375 0
1677856277181 0.78125 0
1677856277215 0.84375 0
1677856277249 0.875 0
1677856277284 0.84375 0
1677856277319 0.8125 0
1677856277353 0.875 0
1677856277387 0.9375 0
1677856277422 0.9375 0
1677856277456 0.8125 0
1677856277490 0.8125 0
1677856277525 0.8125 0
1677856277559 0.84375 0
1677856277594 0.875 0
1677856277628 0.90625 0
1677856277662 0.78125 0
1677856277697 0.90625 0
1677856277731 0.9375 0
1677856277764 0.5 0
1677856277974 0.846 0
1677856279360 0.9375 0
1677856279418 0.71875 0
1677856279447 0.8125 0
1677856279488 0.71875 0
1677856279515 0.75 0
1677856279543 0.875 0
1677856279570 0.625 0
1677856279597 0.875 0
1677856279625 0.6875 0
1677856279658 0.78125 0
1677856279693 0.875 0
1677856279727 0.71875 0
1677856279762 0.96875 0
1677856279797 0.96875 0
1677856279831 0.84375 0
1677856279866 0.9375 0
1677856279901 0.84375 0
1677856279939 0.78125 0
1677856279977 0.8125 0
1677856280014 0.9375 0
1677856280052 0.8125 0
1677856280090 0.84375 0
1677856280124 0.9375 0
1677856280158 0.84375 0
1677856280262 0.8125 0
1677856280291 0.75 0
1677856280317 0.8125 0
1677856280350 0.9375 0
1677856280385 0.78125 0
1677856280421 0.9375 0
1677856280466 0.6875 0
1677856280501 0.9375 0
1677856280536 0.84375 0
1677856280571 0.8125 0
1677856280606 0.9375 0
1677856280641 0.84375 0
1677856280677 0.71875 0
1677856280712 0.90625 0
1677856280747 0.875 0
1677856280782 0.84375 0
1677856280816 0.875 0
1677856280851 0.90625 0
1677856280885 0.90625 0
1677856280920 0.9375 0
1677856280955 0.84375 0
1677856281082 0.9375 0
1677856281118 0.75 0
1677856281153 0.9375 0
1677856281187 0.9375 0
1677856281222 0.875 0
1677856281257 0.90625 0
1677856281291 0.8125 0
1677856281326 0.78125 0
1677856281360 0.75 0
1677856281393 0.9375 0
1677856281420 0.875 0
1677856281453 0.84375 0
1677856281488 0.875 0
1677856281522 0.875 0
1677856281557 0.75 0
1677856281591 0.8125 0
1677856281626 0.875 0
1677856281661 0.78125 0
1677856281695 0.9375 0
1677856281730 0.84375 0
1677856281765 0.875 0
1677856281799 1.0 0
1677856281833 0.9375 0
1677856281867 0.84375 0
1677856281902 0.90625 0
1677856281936 0.8125 0
1677856281971 0.90625 0
1677856282006 0.84375 0
1677856282040 0.875 0
1677856282075 0.90625 0
1677856282204 0.9375 0
1677856282240 0.78125 0
1677856282275 0.71875 0
1677856282308 0.75 0
1677856282528 0.8492 0
1677856283771 0.8125 0
1677856283813 0.78125 0
1677856283857 0.8125 0
1677856283898 0.75 0
1677856283935 0.90625 0
1677856283973 0.8125 0
1677856284011 0.875 0
1677856284047 0.78125 0
1677856284083 0.875 0
1677856284118 0.875 0
1677856284153 0.90625 0
1677856284188 0.875 0
1677856284223 0.90625 0
1677856284259 0.8125 0
1677856284294 0.78125 0
1677856284329 0.90625 0
1677856284364 0.8125 0
1677856284399 0.84375 0
1677856284592 0.84375 0
1677856284621 0.875 0
1677856284658 0.84375 0
1677856284694 0.90625 0
1677856284730 0.90625 0
1677856284764 0.875 0
1677856284792 0.875 0
1677856284822 0.84375 0
1677856284851 0.84375 0
1677856284880 0.875 0
1677856284917 0.84375 0
1677856284955 0.84375 0
1677856284990 0.90625 0
1677856285025 0.78125 0
1677856285060 0.78125 0
1677856285096 0.84375 0
1677856285131 0.9375 0
1677856285167 0.875 0
1677856285202 0.84375 0
1677856285237 0.8125 0
1677856285272 0.71875 0
1677856285399 0.71875 0
1677856285435 0.875 0
1677856285470 0.84375 0
1677856285505 0.8125 0
1677856285540 0.9375 0
1677856285587 0.875 0
1677856285623 0.8125 0
1677856285658 0.875 0
1677856285693 0.8125 0
1677856285727 0.84375 0
1677856285762 0.9375 0
1677856285797 0.84375 0
1677856285832 0.78125 0
1677856285867 0.90625 0
1677856285902 0.78125 0
1677856285937 0.90625 0
1677856285972 0.8125 0
1677856286007 0.84375 0
1677856286042 0.90625 0
1677856286077 0.84375 0
1677856286112 0.8125 0
1677856286146 0.875 0
1677856286181 0.84375 0
1677856286216 0.875 0
1677856286251 0.84375 0
1677856286286 0.90625 0
1677856286321 0.875 0
1677856286356 0.875 0
1677856286392 0.8125 0
1677856286427 0.8125 0
1677856286554 0.78125 0
1677856286591 0.875 0
1677856286628 0.84375 0
1677856286663 0.71875 0
1677856286698 0.875 0
1677856286734 0.9375 0
1677856286769 0.90625 0
1677856286804 0.9375 0
1677856286839 0.78125 0
1677856286873 1.0 0
1677856287088 0.8484 0
1677856288326 0.84375 0
1677856288359 0.78125 0
1677856288407 0.90625 0
1677856288445 0.84375 0
1677856288481 0.96875 0
1677856288517 0.8125 0
1677856288553 0.875 0
1677856288588 0.84375 0
1677856288627 0.90625 0
1677856288664 0.8125 0
1677856288863 0.96875 0
1677856288896 0.875 0
1677856288937 0.84375 0
1677856288968 0.96875 0
1677856288999 0.84375 0
1677856289029 0.8125 0
1677856289058 0.875 0
1677856289087 0.9375 0
1677856289121 0.90625 0
1677856289151 0.78125 0
1677856289180 0.78125 0
1677856289209 0.8125 0
1677856289240 0.71875 0
1677856289278 0.96875 0
1677856289319 0.8125 0
1677856289361 0.75 0
1677856289403 0.84375 0
1677856289440 0.75 0
1677856289476 0.875 0
1677856289607 0.8125 0
1677856289644 0.8125 0
1677856289682 0.84375 0
1677856289718 0.84375 0
1677856289754 0.84375 0
1677856289790 0.9375 0
1677856289826 0.875 0
1677856289863 0.875 0
1677856289899 0.78125 0
1677856289935 0.8125 0
1677856289971 0.84375 0
1677856290007 0.90625 0
1677856290042 0.65625 0
1677856290078 0.84375 0
1677856290114 0.84375 0
1677856290149 0.9375 0
1677856290185 0.78125 0
1677856290220 0.9375 0
1677856290256 0.9375 0
1677856290291 0.90625 0
1677856290327 0.84375 0
1677856290363 0.84375 0
1677856290398 0.84375 0
1677856290528 0.9375 0
1677856290565 0.84375 0
1677856290601 0.84375 0
1677856290637 0.84375 0
1677856290676 0.8125 0
1677856290712 0.90625 0
1677856290748 0.90625 0
1677856290784 0.84375 0
1677856290819 0.90625 0
1677856290855 0.71875 0
1677856290891 0.90625 0
1677856290926 0.78125 0
1677856290962 1.0 0
1677856290998 0.90625 0
1677856291033 0.90625 0
1677856291069 0.90625 0
1677856291104 0.71875 0
1677856291140 0.875 0
1677856291270 0.8125 0
1677856291307 0.8125 0
1677856291348 0.78125 0
1677856291384 0.8125 0
1677856291420 0.875 0
1677856291456 0.875 0
1677856291492 0.84375 0
1677856291527 0.90625 0
1677856291561 0.75 0
1677856291758 0.8532 0
1677856293037 0.8125 0
1677856293071 0.84375 0
1677856293117 1.0 0
1677856293156 0.84375 0
1677856293192 0.78125 0
1677856293229 0.8125 0
1677856293266 0.875 0
1677856293302 0.9375 0
1677856293338 0.90625 0
1677856293375 0.84375 0
1677856293406 0.84375 0
1677856293443 0.84375 0
1677856293636 0.875 0
1677856293673 0.90625 0
1677856293710 0.84375 0
1677856293746 0.8125 0
1677856293782 0.84375 0
1677856293819 0.71875 0
1677856293856 0.90625 0
1677856293895 0.90625 0
1677856293933 0.875 0
1677856293971 0.8125 0
1677856294008 0.90625 0
1677856294046 0.90625 0
1677856294083 0.75 0
1677856294121 0.9375 0
1677856294159 0.875 0
1677856294196 0.875 0
1677856294232 0.71875 0
1677856294269 0.84375 0
1677856294309 0.9375 0
1677856294439 0.9375 0
1677856294477 0.90625 0
1677856294519 0.8125 0
1677856294555 0.84375 0
1677856294592 0.84375 0
1677856294632 0.78125 0
1677856294669 0.9375 0
1677856294705 0.84375 0
1677856294742 0.9375 0
1677856294784 0.9375 0
1677856294821 0.875 0
1677856294857 0.9375 0
1677856294893 0.78125 0
1677856294929 0.84375 0
1677856294965 0.875 0
1677856295001 0.875 0
1677856295037 0.8125 0
1677856295073 0.84375 0
1677856295109 0.8125 0
1677856295144 0.96875 0
1677856295180 0.875 0
1677856295216 0.875 0
1677856295343 0.78125 0
1677856295380 0.78125 0
1677856295415 1.0 0
1677856295442 0.875 0
1677856295476 0.84375 0
1677856295512 0.84375 0
1677856295548 0.9375 0
1677856295584 0.96875 0
1677856295620 0.90625 0
1677856295655 0.71875 0
1677856295691 0.875 0
1677856295727 0.875 0
1677856295763 0.84375 0
1677856295801 0.78125 0
1677856295837 0.875 0
1677856295873 0.875 0
1677856295908 0.78125 0
1677856295944 0.84375 0
1677856295980 0.84375 0
1677856296108 0.90625 0
1677856296145 0.8125 0
1677856296181 0.875 0
1677856296217 0.84375 0
1677856296252 0.84375 0
1677856296288 0.75 0
1677856296322 0.75 0
1677856296513 0.8592 0
1677856297768 0.875 0
1677856297805 0.875 0
1677856297839 0.75 0
1677856297876 0.9375 0
1677856297912 0.84375 0
1677856297946 0.96875 0
1677856297975 0.9375 0
1677856298010 0.84375 0
1677856298047 0.75 0
1677856298084 0.90625 0
1677856298269 0.84375 0
1677856298307 0.8125 0
1677856298347 0.875 0
1677856298387 0.65625 0
1677856298426 0.875 0
1677856298466 0.875 0
1677856298505 0.75 0
1677856298545 0.65625 0
1677856298584 0.90625 0
1677856298624 0.90625 0
1677856298663 0.78125 0
1677856298703 0.8125 0
1677856298742 0.75 0
1677856298778 0.875 0
1677856298815 0.90625 0
1677856298853 0.84375 0
1677856298891 0.75 0
1677856298928 0.90625 0
1677856298964 0.84375 0
1677856299001 0.875 0
1677856299037 0.8125 0
1677856299074 0.875 0
1677856299202 0.96875 0
1677856299241 0.90625 0
1677856299277 0.71875 0
1677856299314 0.84375 0
1677856299350 0.875 0
1677856299386 0.84375 0
1677856299423 0.8125 0
1677856299459 0.78125 0
1677856299495 0.875 0
1677856299531 0.96875 0
1677856299567 0.78125 0
1677856299603 0.90625 0
1677856299639 0.96875 0
1677856299678 0.875 0
1677856299717 0.84375 0
1677856299756 0.875 0
1677856299795 0.9375 0
1677856299834 0.9375 0
1677856299872 0.84375 0
1677856300002 0.875 0
1677856300039 0.75 0
1677856300076 0.75 0
1677856300112 0.875 0
1677856300148 0.90625 0
1677856300184 0.875 0
1677856300221 0.84375 0
1677856300257 0.875 0
1677856300293 0.96875 0
1677856300332 0.65625 0
1677856300372 0.8125 0
1677856300411 0.8125 0
1677856300451 0.9375 0
1677856300490 0.875 0
1677856300530 0.8125 0
1677856300569 0.8125 0
1677856300609 0.84375 0
1677856300648 0.90625 0
1677856300690 0.8125 0
1677856300730 0.875 0
1677856300769 0.9375 0
1677856300809 0.8125 0
1677856300848 0.9375 0
1677856300988 0.875 0
1677856301029 0.90625 0
1677856301069 0.8125 0
1677856301109 0.84375 0
1677856301147 0.5 0
1677856301351 0.8512 0
1677856302590 0.9375 0
1677856302637 0.9375 0
1677856302674 0.6875 0
1677856302709 0.875 0
1677856302746 0.9375 0
1677856302782 0.9375 0
1677856302819 0.71875 0
1677856302855 0.875 0
1677856302892 0.8125 0
1677856302929 0.8125 0
1677856302968 0.875 0
1677856303006 0.875 0
1677856303043 0.875 0
1677856303228 0.84375 0
1677856303266 0.90625 0
1677856303303 0.875 0
1677856303340 0.875 0
1677856303376 0.96875 0
1677856303413 0.75 0
1677856303450 0.96875 0
1677856303486 0.84375 0
1677856303523 0.78125 0
1677856303560 0.96875 0
1677856303596 0.84375 0
1677856303633 0.78125 0
1677856303670 0.875 0
1677856303706 0.9375 0
1677856303743 0.8125 0
1677856303781 0.78125 0
1677856303817 0.84375 0
1677856303854 0.75 0
1677856303891 0.875 0
1677856304020 0.84375 0
1677856304058 1.0 0
1677856304095 0.75 0
1677856304132 0.875 0
1677856304168 0.71875 0
1677856304206 0.8125 0
1677856304242 0.84375 0
1677856304279 0.78125 0
1677856304315 0.9375 0
1677856304352 0.84375 0
1677856304388 0.9375 0
1677856304425 0.8125 0
1677856304466 0.84375 0
1677856304501 0.84375 0
1677856304538 0.9375 0
1677856304575 0.84375 0
1677856304615 0.90625 0
1677856304654 0.875 0
1677856304693 0.96875 0
1677856304733 0.84375 0
1677856304772 0.71875 0
1677856304809 0.8125 0
1677856304938 0.78125 0
1677856304978 0.9375 0
1677856305016 0.9375 0
1677856305054 0.71875 0
1677856305091 0.90625 0
1677856305127 0.9375 0
1677856305164 0.9375 0
1677856305201 0.84375 0
1677856305237 1.0 0
1677856305274 0.90625 0
1677856305310 0.875 0
1677856305347 0.84375 0
1677856305384 0.84375 0
1677856305420 0.84375 0
1677856305450 0.90625 0
1677856305478 0.84375 0
1677856305505 0.8125 0
1677856305534 0.84375 0
1677856305570 0.875 0
1677856305698 0.75 0
1677856305736 0.875 0
1677856305773 0.90625 0
1677856305809 0.875 0
1677856305846 0.8125 0
1677856305881 0.75 0
1677856306094 0.8588 0
1677856307344 0.9375 0
1677856307391 0.84375 0
1677856307433 0.875 0
1677856307471 0.78125 0
1677856307510 0.875 0
1677856307548 0.78125 0
1677856307586 0.84375 0
1677856307617 0.90625 0
1677856307645 0.84375 0
1677856307674 0.71875 0
1677856307703 0.84375 0
1677856307739 0.90625 0
1677856307775 0.75 0
1677856307812 0.875 0
1677856307997 0.90625 0
1677856308035 0.9375 0
1677856308072 0.75 0
1677856308109 0.9375 0
1677856308146 0.84375 0
1677856308183 0.90625 0
1677856308220 0.90625 0
1677856308257 0.90625 0
1677856308294 0.9375 0
1677856308331 0.90625 0
1677856308367 0.875 0
1677856308404 0.8125 0
1677856308441 0.90625 0
1677856308477 0.9375 0
1677856308514 0.90625 0
1677856308551 0.8125 0
1677856308587 0.78125 0
1677856308624 0.9375 0
1677856308661 0.875 0
1677856308699 0.8125 0
1677856308736 0.875 0
1677856308773 0.75 0
1677856308810 0.875 0
1677856308931 0.8125 0
1677856308961 0.8125 0
1677856308990 0.78125 0
1677856309020 0.84375 0
1677856309049 0.84375 0
1677856309080 0.90625 0
1677856309118 0.84375 0
1677856309155 0.875 0
1677856309192 0.875 0
1677856309228 0.96875 0
1677856309265 0.78125 0
1677856309302 0.75 0
1677856309339 0.84375 0
1677856309376 0.75 0
1677856309412 0.90625 0
1677856309449 0.875 0
1677856309487 0.90625 0
1677856309527 0.84375 0
1677856309673 0.875 0
1677856309711 0.84375 0
1677856309749 0.90625 0
1677856309786 0.84375 0
1677856309823 0.9375 0
1677856309860 0.90625 0
1677856309897 0.90625 0
1677856309933 0.875 0
1677856309970 0.84375 0
1677856310007 0.9375 0
1677856310044 0.875 0
1677856310081 0.71875 0
1677856310118 0.75 0
1677856310155 0.84375 0
1677856310191 0.71875 0
1677856310228 0.78125 0
1677856310265 0.8125 0
1677856310394 0.90625 0
1677856310433 0.84375 0
1677856310470 0.875 0
1677856310507 0.90625 0
1677856310544 0.875 0
1677856310581 0.8125 0
1677856310617 0.5 0
1677856310802 0.8544 0
1677856312071 0.875 0
1677856312113 0.875 0
1677856312150 0.90625 0
1677856312187 0.96875 0
1677856312224 0.90625 0
1677856312262 0.875 0
1677856312299 0.875 0
1677856312336 0.8125 0
1677856312373 0.84375 0
1677856312410 0.84375 0
1677856312595 0.84375 0
1677856312634 0.90625 0
1677856312671 0.875 0
1677856312709 0.78125 0
1677856312746 0.875 0
1677856312784 0.71875 0
1677856312821 0.90625 0
1677856312859 0.875 0
1677856312896 0.75 0
1677856312933 0.9375 0
1677856312971 0.84375 0
1677856313000 0.84375 0
1677856313030 0.6875 0
1677856313060 0.84375 0
1677856313089 0.84375 0
1677856313125 0.84375 0
1677856313163 0.9375 0
1677856313294 0.84375 0
1677856313333 0.875 0
1677856313371 0.8125 0
1677856313408 0.8125 0
1677856313445 0.8125 0
1677856313483 0.84375 0
1677856313520 0.875 0
1677856313558 0.8125 0
1677856313595 0.90625 0
1677856313633 0.90625 0
1677856313671 0.71875 0
1677856313708 0.90625 0
1677856313745 0.84375 0
1677856313783 0.78125 0
1677856313821 0.8125 0
1677856313858 0.90625 0
1677856313895 0.8125 0
1677856314023 0.96875 0
1677856314052 0.96875 0
1677856314082 0.875 0
1677856314111 0.9375 0
1677856314146 0.84375 0
1677856314183 0.84375 0
1677856314221 0.8125 0
1677856314258 0.8125 0
1677856314295 0.90625 0
1677856314332 0.875 0
1677856314370 0.8125 0
1677856314408 0.78125 0
1677856314449 0.84375 0
1677856314489 0.84375 0
1677856314529 0.875 0
1677856314569 0.90625 0
1677856314702 0.96875 0
1677856314741 0.90625 0
1677856314779 0.90625 0
1677856314816 0.875 0
1677856314853 1.0 0
1677856314890 0.96875 0
1677856314928 0.9375 0
1677856314965 0.84375 0
1677856315002 0.90625 0
1677856315034 0.84375 0
1677856315063 0.84375 0
1677856315099 0.875 0
1677856315136 0.75 0
1677856315173 0.9375 0
1677856315211 0.9375 0
1677856315251 0.90625 0
1677856315382 0.8125 0
1677856315422 0.75 0
1677856315455 0.75 0
1677856315661 0.862 0
